39	41	40	37	45	24	28	42	24	40	44	34	34	36	36	45	38	46	28	46	39	40	36	28	39	33	34	15	39	40	27	42	42	39	41	28	29	41	24	43	41	25	40	37	31	38	47	46	41	37	40	35	27	11	31	42	18	23	47	46	25	44	36	39	45	42	39	42	34	42	39	18	28	36	42	34	44	35	35	44	35	40	39	27	28	29	33	36	29	36	43	44	42	44	45	37	42	19	43	15	39	49	46	29	42	29	38	42	39	31	30	41	37	44	44	40	36	42	38	47	37	37	33	15	37	40	32	42	28	18
45	36	47	18	55	28	33	15	42	38	35	18	26	38	26	24	32	28	11	18	44	31	44	41	42	14	31	34	39	42	39	40	46	40	29	25	14	40	46	38	40	44	24	43	45	37	25	24	18	44	37	28	37	45	34	43	27	23	46	34	27	15	44	47	25	37	47	39	20	40	20	34	42	28	20	36	37	31	38	40	27	28	49	39	37	41	44	41	42	42	11	44	36	40	34	45	35	40	28	44	37	14	14	34	34	40	46	27	40	34	15	30	18	32	38	42	31	41	35	25	35	25	35	34	26	39	39	55	18	33
46	28	37	37	19	45	11	42	26	24	23	23	42	28	39	42	40	55	35	36	32	43	15	23	41	34	39	34	37	38	34	15	31	39	24	34	40	35	48	15	39	23	35	35	31	25	27	44	30	42	18	18	44	24	31	47	25	25	34	36	39	37	24	23	37	32	18	46	37	46	34	34	35	37	30	18	45	18	37	37	29	29	20	18	25	45	26	37	41	15	39	36	38	23	38	45	36	42	34	43	41	37	37	39	47	39	35	33	41	45	31	37	49	39	26	23	24	39	38	29	25	25	40	37	55	31	26	40	29	28
41	33	14	15	37	34	40	40	36	36	40	25	42	35	39	46	27	39	44	24	47	41	39	43	35	39	38	34	38	32	34	28	18	40	42	23	45	43	24	34	37	28	45	25	47	29	55	24	42	37	35	34	40	38	38	32	40	33	37	33	27	40	27	34	39	42	40	29	37	39	15	47	32	24	15	36	32	32	42	32	48	39	37	40	44	42	18	27	34	45	39	48	29	24	36	43	38	44	37	43	31	39	24	26	28	40	25	32	26	49	44	29	44	47	38	39	39	40	41	39	39	30	23	39	42	39	27	36	36	44
27	44	29	55	25	31	32	45	32	46	40	46	41	28	34	23	33	39	43	37	42	41	39	35	28	46	39	38	40	29	40	35	39	35	31	20	38	23	34	23	37	42	18	44	29	26	35	35	40	24	45	14	34	37	29	28	40	28	29	28	36	23	38	34	27	31	39	36	30	41	39	46	27	41	39	40	44	55	44	36	39	36	37	34	32	26	29	23	38	43	36	41	40	14	24	36	55	34	42	36	42	26	15	28	40	44	31	34	29	32	40	42	32	30	40	47	39	28	40	37	38	35	38	41	31	36	32	18	27	24
37	47	41	36	38	44	37	25	44	42	39	47	14	25	34	36	29	36	39	45	36	33	18	37	26	34	44	40	25	39	35	37	35	24	39	42	28	15	42	41	34	55	47	39	40	26	36	37	36	24	35	39	37	30	39	34	32	39	15	48	37	41	34	24	31	35	39	36	37	45	36	39	37	42	41	23	19	23	30	41	11	47	35	37	35	47	47	39	45	24	46	28	44	41	36	15	38	37	41	40	43	34	39	34	11	36	32	32	39	40	29	15	47	31	49	34	35	14	38	39	37	44	24	34	31	34	34	42	32	32
28	44	48	46	35	44	45	35	32	24	24	41	38	35	20	34	24	39	39	26	46	45	29	35	48	31	37	44	35	27	19	29	37	47	44	35	35	41	27	32	42	42	14	23	44	15	36	14	32	35	24	40	18	32	39	41	18	23	31	46	40	38	18	40	41	36	28	36	38	34	24	45	41	14	44	23	31	41	24	23	38	34	33	35	38	14	36	35	24	35	40	40	20	38	39	37	34	30	44	43	18	42	36	35	34	39	37	29	36	44	45	39	40	28	32	27	38	44	34	39	27	35	27	44	14	23	41	36	15	40
35	25	28	37	32	44	37	32	38	39	37	23	41	45	55	39	44	38	15	33	27	20	40	30	34	40	29	36	43	41	23	39	34	43	37	33	34	31	34	34	41	42	35	29	34	18	40	40	39	38	35	28	42	24	26	41	35	33	35	34	18	38	32	28	29	29	29	47	40	41	46	43	28	30	23	34	39	34	30	35	15	40	15	42	25	31	34	32	37	15	39	40	40	25	25	27	37	37	32	33	45	24	45	32	37	32	39	37	55	11	34	44	44	46	29	47	36	44	14	38	31	41	15	29	41	15	24	35	37	37
32	42	15	41	32	24	37	37	39	44	43	36	39	39	39	34	39	42	23	24	37	35	37	29	38	39	45	14	47	46	41	43	35	23	40	38	20	46	43	40	39	37	44	39	47	43	39	18	40	18	36	45	39	33	35	20	39	41	14	24	37	47	41	44	44	35	37	23	25	30	14	39	42	38	42	44	39	39	47	29	48	35	39	43	34	45	44	44	26	37	44	55	25	36	49	14	25	34	30	30	37	40	35	39	40	41	11	39	40	25	44	33	18	44	42	46	43	39	45	46	37	39	26	37	33	23	46	42	14	28
20	33	47	27	29	37	18	34	29	36	37	24	36	49	28	34	18	45	36	23	27	39	39	39	39	45	37	32	34	29	44	24	32	24	35	39	32	24	40	40	37	40	23	36	20	35	24	49	37	37	47	46	15	29	42	15	28	28	36	43	29	46	27	43	30	26	23	29	23	27	35	39	36	37	39	14	29	37	23	24	35	34	36	37	40	39	25	18	26	23	25	37	37	40	31	44	48	43	36	37	34	41	23	39	23	47	25	23	34	34	37	37	35	33	39	34	18	42	44	35	29	28	44	39	18	31	37	23	18	42
29	30	45	44	39	30	42	24	38	47	37	31	38	45	35	39	30	28	48	36	40	36	26	31	45	32	28	39	33	33	32	27	36	25	40	37	33	27	30	15	39	33	39	37	45	18	27	30	28	29	42	34	14	37	31	39	25	25	44	32	48	35	27	39	39	36	41	34	36	43	39	35	34	37	19	36	39	41	45	18	36	37	35	40	35	45	37	19	35	33	34	14	38	34	39	15	41	38	38	32	31	37	31	32	35	24	26	39	28	34	25	38	44	43	48	38	18	36	36	27	39	32	44	32	39	44	45	47	24	39
31	36	37	35	29	23	29	23	42	18	29	35	27	29	44	39	44	15	35	23	25	34	47	42	15	39	34	29	34	40	40	32	36	43	36	36	36	34	27	37	32	25	32	39	47	40	38	55	24	39	36	35	46	39	39	45	23	18	25	37	42	47	24	45	14	32	37	14	37	24	46	40	36	23	34	47	27	45	36	34	31	47	40	37	37	38	41	46	25	28	45	24	44	36	25	27	15	18	15	45	42	32	27	33	18	31	35	47	26	34	41	39	11	34	55	37	30	24	37	43	37	37	44	41	44	25	29	26	33	45
27	36	31	31	39	41	27	28	24	42	40	44	43	24	46	31	34	34	43	34	37	18	27	31	44	41	37	44	36	29	18	34	37	46	28	39	31	37	39	28	19	48	45	42	35	39	45	36	36	34	36	40	15	15	34	37	26	15	24	44	44	45	23	44	40	38	29	19	40	25	40	41	35	28	29	31	26	39	25	44	42	18	45	39	32	45	41	47	27	37	15	43	35	32	23	26	32	32	38	44	37	14	38	28	45	41	36	34	30	34	40	24	15	11	40	31	24	31	35	25	28	34	32	39	38	47	39	26	37	28
35	31	45	47	38	15	34	38	32	24	25	33	33	37	46	35	37	28	40	34	37	36	36	40	39	39	25	25	24	18	39	35	46	35	47	43	31	18	46	28	49	40	36	25	41	47	32	24	39	49	45	35	43	36	41	45	39	42	20	36	40	39	41	39	36	14	46	36	42	32	35	24	30	40	41	49	37	15	23	37	41	38	18	25	41	40	39	44	36	47	42	34	46	39	47	15	28	39	20	33	15	25	35	47	43	40	34	24	44	32	47	39	30	11	24	24	41	38	32	40	40	24	18	26	35	25	37	36	26	36
40	44	44	37	45	36	35	36	42	45	39	29	40	36	37	43	30	15	39	14	40	45	37	37	24	19	40	43	18	31	30	45	34	34	34	27	37	44	55	23	29	28	35	38	28	44	39	37	28	42	44	37	24	31	40	41	45	40	44	15	28	40	36	34	33	39	40	28	18	40	40	43	32	44	39	47	38	44	40	34	37	37	39	36	19	55	44	35	40	40	39	44	37	27	42	29	29	44	11	39	25	35	39	39	31	30	28	34	39	25	42	34	39	37	39	37	30	28	24	44	33	39	20	36	32	27	39	29	41	36
35	47	40	41	39	34	15	46	36	42	42	37	29	34	27	34	37	24	32	39	32	48	23	45	19	39	25	41	30	18	28	34	28	34	37	39	24	28	40	36	30	44	18	42	43	41	43	40	39	15	23	43	39	32	18	39	36	45	29	38	19	44	31	24	14	30	42	55	34	40	40	34	26	41	45	42	27	39	41	47	29	18	48	41	24	30	37	55	36	36	15	37	36	47	35	46	37	40	23	24	42	25	23	44	36	38	28	38	24	35	15	40	24	44	37	32	35	34	34	55	14	30	44	26	25	18	38	46	39	40
39	26	36	11	15	36	39	34	23	32	31	39	15	49	42	39	40	34	23	18	37	23	29	23	24	24	37	40	28	34	23	44	30	40	48	25	24	24	48	39	44	38	40	39	34	43	15	34	44	38	37	34	37	30	41	28	38	37	42	38	41	31	23	31	29	15	26	40	36	24	36	23	55	15	40	47	37	55	34	39	41	34	20	34	23	39	42	47	46	42	28	25	37	32	25	37	39	39	44	28	32	40	47	38	37	44	34	32	40	35	24	33	11	44	34	39	46	40	43	23	39	42	25	20	42	23	23	43	45	34
45	41	33	34	45	15	33	34	35	29	27	31	44	27	11	35	24	37	39	38	26	35	25	31	26	38	41	41	43	34	31	30	24	32	38	24	40	29	32	40	40	34	32	44	23	42	29	42	20	42	20	36	36	39	40	35	14	39	37	39	37	37	37	35	26	28	18	30	38	34	39	11	45	38	41	30	40	40	34	45	32	40	29	33	42	28	45	14	39	24	35	32	40	25	35	23	47	35	39	18	40	42	42	36	39	40	55	20	44	25	47	35	45	34	36	34	35	40	37	25	39	33	26	30	29	34	32	40	44	35
26	33	19	40	36	26	14	23	15	47	45	37	30	24	25	24	24	18	24	20	34	40	27	39	44	44	39	37	45	47	36	33	46	45	43	37	36	44	39	28	38	33	35	39	29	40	45	47	34	33	28	18	40	28	35	35	31	38	35	39	40	23	42	38	34	25	32	19	26	24	23	39	37	35	18	26	32	31	40	34	15	39	45	24	36	55	41	35	42	43	46	25	34	41	34	40	40	32	36	37	36	45	37	37	23	47	36	23	34	39	42	36	34	38	27	44	39	14	25	37	36	46	48	42	47	39	14	35	34	37
25	37	36	20	41	37	34	25	37	37	44	40	40	30	34	28	38	29	33	15	42	47	20	37	27	31	23	36	37	55	34	32	40	46	37	24	28	41	36	31	35	40	28	36	46	34	37	23	23	32	24	35	18	37	34	45	39	35	29	34	39	20	15	31	25	26	47	46	37	30	36	44	44	37	15	42	42	37	44	34	37	14	44	33	39	40	36	40	36	44	34	14	38	24	49	37	35	29	18	14	36	42	38	40	38	44	34	32	36	43	14	24	42	39	38	35	18	40	39	41	35	23	14	14	24	34	40	40	30	32
27	36	37	31	40	18	28	36	43	31	34	49	26	36	38	45	40	43	14	25	45	37	19	44	28	30	40	18	27	40	23	37	37	32	34	26	41	40	36	46	28	30	37	15	39	39	37	42	33	40	45	40	38	36	28	37	43	29	15	36	44	36	55	34	39	31	44	35	28	25	34	39	26	26	24	43	37	37	40	19	39	35	18	18	45	44	39	37	40	36	35	23	38	46	31	39	28	18	42	23	29	34	44	24	24	45	40	39	44	47	43	29	18	25	38	41	32	37	46	29	32	41	30	37	32	44	28	39	39	40
37	32	28	39	27	36	26	24	55	37	27	35	40	40	24	35	35	44	25	39	35	44	35	34	32	35	20	40	47	45	43	24	39	39	41	36	41	31	55	41	44	40	39	41	36	39	30	24	49	18	37	40	32	39	37	40	36	40	25	44	32	42	18	38	37	39	36	47	44	20	25	39	33	37	39	45	35	41	25	29	36	37	35	23	39	47	35	39	18	32	36	40	34	18	32	37	33	37	41	44	34	35	29	30	45	35	35	23	31	40	42	44	33	39	40	29	39	30	19	38	24	32	29	42	35	42	23	41	36	28
49	26	43	36	45	41	39	42	35	45	25	45	23	36	32	36	24	37	44	14	30	40	14	29	14	30	33	43	30	39	39	38	34	35	27	40	31	32	39	35	44	37	41	47	36	23	23	39	25	29	44	41	37	41	40	40	45	40	36	25	44	39	39	42	36	15	41	36	28	35	55	44	15	15	42	33	15	32	46	39	23	45	41	47	34	32	35	34	39	38	32	40	34	49	27	40	38	11	40	25	35	40	44	39	15	46	25	32	24	32	14	32	39	35	37	33	36	11	26	34	36	40	37	27	29	25	30	39	35	37
15	24	35	48	37	24	45	18	23	39	33	37	37	43	55	47	34	37	39	37	27	28	37	34	24	40	46	39	24	36	15	27	34	37	40	33	42	37	44	42	24	34	40	44	42	27	39	39	35	37	45	30	44	47	23	46	29	29	25	28	28	32	31	36	43	34	34	38	42	40	31	40	27	41	36	18	44	38	34	38	30	24	24	14	37	49	39	24	45	41	38	27	32	24	36	27	30	55	24	14	14	39	15	36	33	39	14	42	42	41	40	26	34	27	14	44	35	15	43	37	39	42	45	11	29	31	45	29	32	36
39	34	45	37	34	44	35	35	47	32	23	18	43	33	18	11	34	15	36	49	39	36	23	26	19	36	29	41	35	18	35	35	27	39	28	18	24	36	42	29	34	40	44	41	40	19	45	28	41	36	43	38	37	26	42	42	36	29	18	40	39	36	24	25	15	26	34	38	24	32	19	24	20	25	41	32	36	45	32	14	18	35	48	38	19	24	42	33	14	46	15	41	35	30	35	42	18	34	32	42	25	14	39	32	23	45	36	44	18	37	46	39	15	23	47	29	33	43	45	27	41	39	28	42	48	41	42	31	27	30
33	44	44	24	39	37	37	27	29	47	44	36	44	23	38	40	29	36	40	23	15	41	31	24	39	14	23	24	47	37	39	55	45	40	18	33	24	29	34	39	38	38	32	33	19	32	41	32	18	39	20	26	42	39	27	31	33	40	40	34	37	23	24	41	25	37	29	36	37	24	44	47	36	38	18	27	26	36	42	26	20	48	39	37	11	24	38	37	35	37	28	42	40	36	15	34	43	39	38	39	45	39	37	29	29	38	38	19	25	40	18	39	33	44	37	37	24	37	24	38	36	30	37	55	38	34	30	36	43	15
32	38	27	14	39	14	45	44	26	45	37	37	32	39	37	36	47	31	31	42	40	38	15	32	45	27	37	33	36	29	49	42	31	25	36	25	39	44	40	40	43	14	37	33	28	36	39	39	23	35	35	34	45	42	29	33	39	14	29	37	14	18	40	40	37	46	47	18	33	48	47	19	38	43	46	34	37	35	49	31	30	15	43	44	42	40	45	24	42	41	41	39	32	26	32	24	38	44	41	42	39	38	37	41	33	42	43	38	42	43	26	30	46	45	42	41	27	14	39	36	36	30	36	47	44	24	28	55	40	33
29	30	25	43	26	34	37	40	47	42	11	37	23	35	30	24	44	46	26	40	28	39	37	49	14	11	27	39	32	20	30	35	15	39	31	47	30	36	39	35	39	39	29	34	39	40	27	28	37	39	40	46	11	29	27	37	40	26	44	44	15	37	19	36	35	19	49	34	26	40	39	40	24	40	40	35	29	34	34	45	38	47	41	41	19	26	42	24	32	37	39	35	41	35	24	37	45	39	36	36	39	42	38	30	42	39	18	18	29	42	39	44	40	41	37	48	39	36	39	43	18	35	18	38	36	37	43	34	38	34
42	40	14	23	40	34	45	42	42	31	47	23	37	45	25	23	35	15	27	34	40	44	39	11	37	18	44	46	40	37	55	37	23	28	39	40	29	34	39	40	44	45	29	36	34	15	42	23	32	38	34	32	47	37	42	28	23	45	20	39	45	31	40	40	15	24	40	29	37	44	44	42	35	42	31	44	33	36	40	38	42	26	26	44	42	28	37	38	40	44	34	45	37	30	43	30	41	24	37	46	41	38	42	39	35	35	24	26	36	36	36	34	30	47	29	37	45	28	34	24	44	23	42	27	34	39	31	33	27	42
39	44	40	24	18	44	38	29	37	31	25	24	25	39	18	24	28	18	39	46	34	45	34	31	23	45	37	42	41	37	37	41	40	42	27	18	35	39	11	38	29	37	34	45	34	39	30	29	34	37	30	14	45	36	24	15	34	29	41	39	18	41	37	42	39	40	37	34	42	34	34	48	46	35	39	45	44	34	45	29	37	25	18	18	42	25	40	43	36	18	40	39	34	29	24	14	32	28	37	19	31	41	25	24	34	45	40	24	32	45	23	39	47	14	32	33	38	14	33	47	34	45	39	43	35	30	28	33	36	41
41	34	35	42	15	14	19	37	29	37	55	14	35	39	24	42	34	46	42	28	23	44	42	39	39	47	36	32	37	20	28	38	31	55	25	28	43	35	39	37	40	18	48	32	26	46	38	40	26	28	39	28	39	36	37	40	36	37	40	14	42	41	45	18	42	33	40	41	40	42	44	28	46	15	35	34	43	32	39	34	35	28	43	14	38	29	15	33	34	40	48	14	15	30	28	35	36	33	40	20	40	26	38	37	40	34	39	30	47	37	18	15	35	27	44	14	38	40	36	40	42	34	35	31	41	39	29	27	23	40
35	31	45	34	43	33	33	41	14	14	37	39	18	29	49	40	37	36	34	36	29	29	39	40	49	40	24	45	14	40	20	39	44	27	40	45	34	18	29	11	39	43	31	38	45	14	40	14	36	18	38	41	44	18	55	37	18	24	29	35	28	26	38	39	42	47	55	39	40	41	36	29	37	32	29	34	41	36	36	55	37	40	33	39	38	41	39	39	34	24	31	39	43	28	31	36	30	23	37	37	28	40	40	32	36	46	37	36	35	40	34	39	42	40	34	40	34	18	43	49	39	37	45	39	36	18	40	23	27	46
31	40	41	38	40	35	37	24	24	38	24	20	44	36	42	40	34	30	43	33	30	24	39	31	38	35	42	40	36	33	42	28	37	32	45	26	26	43	32	36	47	44	42	30	46	27	40	49	29	14	40	49	30	25	24	32	25	42	25	48	35	24	45	31	31	47	41	45	40	14	14	25	37	45	23	36	35	49	32	38	42	24	40	42	34	25	28	37	15	40	26	30	35	27	41	44	36	25	24	32	27	15	19	30	25	47	45	25	39	42	19	29	35	34	35	30	29	23	40	31	44	38	24	49	24	40	39	32	36	42
38	31	43	18	24	48	35	43	31	37	49	23	34	44	43	35	35	35	32	27	39	34	39	24	36	35	34	19	31	41	18	30	24	19	44	15	35	35	25	37	44	37	43	15	39	41	29	27	37	15	29	39	18	30	23	19	29	32	39	32	45	32	44	47	43	39	31	40	46	41	34	43	36	19	42	41	19	23	38	40	34	19	37	37	20	47	37	39	35	41	37	35	15	31	30	11	23	14	37	36	14	25	42	30	39	36	36	24	40	37	15	18	45	30	29	39	42	32	24	35	36	32	33	20	29	37	24	40	23	23
36	49	15	32	30	44	45	29	35	32	23	30	37	39	40	35	45	29	19	42	37	34	36	14	37	39	39	44	42	33	34	40	36	38	29	39	49	37	37	29	27	26	32	43	39	24	30	24	25	39	24	39	27	40	25	40	37	25	35	49	25	42	18	24	55	40	40	31	40	36	27	28	49	38	35	33	35	31	35	19	31	32	49	28	27	55	39	42	27	15	39	27	34	27	36	27	34	37	23	30	15	36	23	46	40	40	39	44	29	15	45	39	37	29	37	28	31	33	45	14	34	35	36	18	40	35	36	30	29	34
35	33	18	40	36	34	36	39	29	28	39	34	39	35	39	34	45	25	37	40	41	34	47	33	36	45	39	39	29	36	33	39	36	34	25	49	37	32	23	41	25	27	45	24	37	34	28	37	39	46	44	37	40	15	37	18	15	38	15	39	20	35	37	36	44	42	39	44	40	40	55	42	25	14	34	42	27	39	29	34	33	39	23	46	25	42	37	31	34	37	44	43	23	35	20	34	27	24	28	36	47	27	37	45	39	36	37	28	32	27	44	41	39	40	20	45	26	18	41	40	36	25	39	37	15	29	44	44	39	27
29	29	32	24	24	23	33	36	37	29	31	28	15	20	15	29	34	41	37	28	36	18	39	40	37	15	30	35	45	39	42	23	39	44	39	38	37	29	30	45	30	41	34	30	37	49	36	41	37	30	37	35	37	26	18	31	55	44	26	35	35	34	38	44	15	36	39	44	37	24	32	32	39	15	39	49	40	38	30	40	41	24	35	41	32	43	11	18	32	40	18	37	37	37	45	24	18	28	34	25	34	40	47	44	36	29	34	40	43	44	40	37	41	37	39	39	28	25	15	44	31	39	15	30	37	23	38	39	55	37
19	15	23	47	29	40	37	18	47	15	45	42	19	37	20	35	31	35	36	15	47	29	39	33	11	20	25	32	29	44	42	27	39	39	45	37	45	33	15	40	25	44	42	38	39	44	18	39	34	35	30	39	25	39	41	55	35	15	34	31	37	34	44	35	49	49	42	45	37	27	44	39	32	18	42	40	39	31	40	15	34	23	40	26	39	35	35	24	18	45	26	26	36	28	42	30	23	38	39	47	34	37	44	43	36	28	19	38	36	34	32	41	15	37	34	47	40	43	40	55	39	34	35	34	18	18	27	37	32	34
39	24	40	39	40	45	18	42	45	43	41	33	44	33	35	39	37	27	38	29	43	14	24	46	39	41	40	35	36	49	38	15	37	28	37	44	36	25	28	27	29	35	40	44	37	34	19	25	36	44	40	49	46	35	27	15	42	49	38	31	15	39	39	31	40	37	38	37	30	47	41	39	45	34	24	44	11	38	24	36	37	35	34	34	40	40	31	40	24	39	45	42	39	34	39	48	29	24	35	41	31	39	15	30	44	43	35	37	39	45	25	27	41	39	38	29	20	47	35	24	43	42	37	44	28	39	18	39	44	39
34	15	44	15	45	40	36	29	14	29	41	31	39	37	37	18	33	15	24	33	23	25	44	37	39	28	26	40	37	35	39	40	44	40	25	19	25	32	42	37	33	29	42	24	18	28	40	36	29	32	23	39	29	44	42	38	18	35	47	28	33	25	46	35	43	41	43	34	28	29	37	42	15	37	32	25	40	37	34	37	39	26	39	42	29	30	39	29	38	42	11	32	37	34	43	37	14	42	46	38	15	41	38	32	39	37	25	18	28	42	24	36	37	41	32	55	36	11	28	29	37	24	19	32	27	27	39	27	44	27
35	29	28	36	34	44	44	35	32	37	43	25	39	43	28	33	39	18	42	37	39	39	40	25	40	32	14	36	14	48	30	31	18	24	34	39	31	47	44	30	24	44	45	36	35	26	37	25	39	24	39	41	24	34	34	36	39	49	43	55	31	36	26	44	44	37	37	39	24	32	55	34	41	39	25	45	39	55	37	24	31	40	37	45	45	14	29	15	44	32	43	39	30	35	32	19	39	24	37	37	44	32	30	37	14	30	23	36	37	42	28	26	40	35	40	41	35	44	43	41	40	43	23	36	24	29	32	29	18	37
47	34	43	43	23	29	45	31	24	38	39	45	31	28	45	28	40	39	43	18	24	45	31	24	47	34	34	27	24	20	36	36	25	38	44	39	39	43	55	39	20	35	46	35	37	36	33	34	36	42	37	46	44	30	55	18	39	37	42	35	27	42	40	39	42	40	37	42	44	43	28	39	47	44	31	37	37	37	34	47	32	47	37	34	34	34	19	37	34	25	41	24	36	42	27	39	47	48	32	39	18	45	46	44	27	37	27	18	23	31	11	20	38	24	44	40	24	36	34	24	37	35	34	39	40	45	37	47	28	41
40	26	37	47	41	20	39	34	11	40	42	39	44	37	39	28	32	42	42	27	45	27	39	33	27	27	44	41	34	14	35	37	45	36	35	33	45	42	38	24	39	40	39	48	33	28	33	34	49	38	34	24	25	39	20	37	46	35	36	30	15	42	39	24	35	24	30	34	42	24	36	44	35	43	30	18	39	46	40	44	27	36	45	28	37	29	39	31	27	42	33	40	18	38	39	44	34	46	41	45	37	28	43	40	31	27	39	28	45	34	43	31	25	19	31	40	44	24	46	19	32	47	37	27	37	25	34	25	44	33
44	25	25	34	42	40	38	45	33	40	23	42	41	28	32	25	32	37	37	44	38	47	34	34	38	41	36	47	29	37	18	40	35	37	37	38	24	24	37	35	42	47	15	28	36	35	23	14	32	48	35	34	31	28	35	41	36	42	46	39	15	28	35	40	49	35	30	41	36	28	44	35	40	40	36	46	45	34	37	23	25	45	38	47	24	28	45	36	43	47	29	25	40	15	36	25	15	20	37	24	18	34	15	24	37	28	40	34	27	28	37	40	42	55	47	37	36	29	39	39	25	28	28	43	34	40	45	29	44	18
36	11	29	55	38	47	32	14	40	34	44	38	39	34	45	28	23	33	44	31	27	18	47	24	35	29	40	34	43	36	31	37	30	46	28	28	49	25	34	11	36	40	40	15	37	15	31	36	29	37	24	34	24	49	43	37	35	37	36	48	33	14	44	37	34	34	27	35	15	29	43	30	39	42	28	14	42	26	39	36	36	35	39	26	46	46	39	14	47	44	34	24	29	44	44	38	39	26	35	42	40	47	33	40	34	37	25	20	33	35	46	40	42	37	39	26	44	37	30	45	34	39	35	55	43	14	18	15	27	39
29	41	42	38	35	37	24	47	15	35	28	37	35	24	38	18	39	37	44	43	38	34	39	37	46	48	40	40	40	34	43	33	35	30	44	43	43	24	31	34	40	39	44	18	32	34	34	35	32	31	24	35	31	41	29	18	18	39	35	15	35	32	42	30	47	55	39	37	20	14	45	28	33	35	36	45	40	42	37	14	45	39	37	33	36	35	37	34	38	41	39	44	27	40	36	39	44	40	44	47	29	45	28	26	23	18	34	39	43	27	37	34	46	46	43	18	45	39	40	34	41	40	40	34	24	39	44	30	40	40
33	30	37	34	40	43	43	15	33	36	30	25	31	39	36	39	38	11	41	44	18	23	34	32	44	18	40	32	27	43	38	32	14	27	29	37	39	31	25	41	39	24	43	37	18	42	42	37	24	40	39	40	24	23	39	23	33	41	36	37	14	39	40	45	38	39	39	45	43	36	34	44	36	48	24	42	43	31	39	19	20	11	46	42	24	44	37	44	47	24	44	36	45	44	38	40	14	28	32	39	28	35	19	18	39	24	29	33	36	23	39	36	37	37	14	36	35	55	36	40	41	25	33	33	38	30	34	40	34	40
37	44	33	36	41	24	34	23	19	37	44	39	32	27	34	42	47	18	35	24	37	34	32	20	35	39	43	42	15	34	24	25	37	29	42	34	46	24	37	40	41	38	41	45	36	44	35	40	35	42	37	14	30	46	44	35	36	29	20	28	49	15	32	19	45	39	40	34	40	40	42	55	38	24	33	36	42	38	24	37	24	44	40	42	40	18	26	24	32	41	29	31	55	44	35	25	32	42	47	15	28	36	44	46	18	32	38	40	40	27	47	39	39	23	25	39	31	43	24	42	40	47	40	43	26	43	19	36	11	44
45	32	20	33	40	40	37	39	39	26	55	43	39	31	28	37	45	37	34	29	39	36	37	44	40	37	36	29	27	37	34	15	41	37	40	38	23	33	37	24	37	29	30	47	36	37	26	15	23	35	39	26	34	44	37	39	27	43	37	18	41	42	38	37	48	42	31	41	45	18	25	55	34	38	34	34	23	24	28	29	35	36	36	44	30	37	42	44	49	39	40	36	31	55	14	28	37	41	42	15	38	39	40	38	24	28	28	25	30	39	42	32	24	34	47	29	33	40	30	24	37	15	47	42	41	23	24	40	23	39
35	38	40	14	14	39	40	28	18	11	19	44	27	39	27	28	39	27	24	48	35	39	23	31	31	46	44	38	44	35	37	37	36	20	43	34	36	14	36	43	35	37	38	32	39	36	15	30	39	28	40	44	23	37	39	37	23	27	36	29	37	40	37	39	18	38	46	33	45	37	15	38	39	40	43	45	33	40	24	31	28	37	39	37	31	44	33	24	44	39	24	39	31	46	23	45	41	42	11	34	41	40	44	19	39	39	19	45	38	35	28	36	31	49	36	24	38	39	42	24	35	34	34	23	33	41	42	19	36	36
39	36	43	36	40	35	18	36	48	30	36	39	45	37	42	14	26	39	41	32	24	28	40	36	29	40	29	28	34	24	34	34	37	42	28	18	37	18	28	42	32	47	24	23	26	30	44	39	34	42	45	28	40	38	45	35	44	30	18	44	27	34	38	28	41	36	42	42	11	44	37	32	27	27	39	39	37	23	44	15	37	38	34	28	42	40	35	38	40	27	34	36	37	35	23	39	28	28	39	44	30	35	28	15	38	29	30	31	38	38	41	44	29	29	39	44	49	37	18	36	23	31	24	15	28	39	40	37	37	23
41	35	42	48	34	34	41	37	41	35	37	27	48	35	23	39	25	39	25	38	37	31	34	27	15	39	23	15	33	32	28	39	39	24	30	20	44	39	45	36	44	40	37	36	41	27	44	34	32	24	23	34	30	31	47	39	14	14	18	42	38	44	36	25	14	27	23	30	18	37	39	37	45	33	45	23	44	29	28	33	33	44	40	43	25	44	42	40	37	28	45	40	19	39	23	25	35	39	23	29	44	39	43	37	29	23	36	42	23	35	40	27	40	44	44	40	27	36	35	25	40	39	30	34	36	36	27	32	37	28
37	30	27	23	40	37	30	37	38	31	44	33	24	39	24	32	48	34	41	55	18	37	37	39	43	38	42	38	31	47	29	14	36	25	39	47	35	37	34	34	32	55	24	26	15	48	36	29	38	41	31	44	45	34	40	23	23	28	37	37	39	33	39	31	32	11	40	47	40	15	24	44	34	42	27	45	36	23	43	39	36	35	29	45	28	42	24	39	19	40	23	42	41	46	29	15	46	24	28	18	33	55	37	25	18	48	23	46	36	18	37	39	37	39	38	29	41	37	24	32	32	40	27	25	24	18	36	44	41	34
23	42	34	48	44	55	20	35	24	37	41	30	14	30	55	41	36	45	28	40	36	37	31	36	24	49	37	14	11	26	37	40	48	35	45	35	39	29	37	35	28	39	23	14	34	34	29	25	41	40	15	36	38	28	45	18	15	40	34	39	44	35	42	32	15	32	38	39	40	29	35	45	23	47	38	49	43	55	44	28	15	35	40	40	39	44	40	18	43	41	44	30	49	38	29	29	39	40	18	35	47	18	38	29	35	24	15	47	39	29	45	11	44	40	39	15	42	47	41	39	39	37	40	27	32	29	41	15	37	34
39	32	26	30	37	29	25	18	26	24	45	35	48	23	32	37	43	31	25	40	35	25	45	28	47	49	28	34	36	25	37	39	49	44	38	43	34	19	44	42	44	46	36	35	34	44	41	37	36	46	26	49	36	29	33	47	25	46	34	31	32	37	45	31	26	42	41	36	32	31	24	31	24	26	32	26	40	36	26	41	34	40	43	39	43	39	39	42	34	32	39	27	40	47	44	38	47	40	37	39	55	29	44	29	40	20	30	37	49	32	32	15	44	32	28	44	34	38	42	36	45	32	41	29	39	36	29	49	48	40
42	24	25	37	34	40	23	42	40	34	37	40	28	20	36	35	45	44	37	40	33	32	35	26	24	24	30	47	28	48	44	24	38	30	36	37	36	25	18	29	43	30	32	37	40	36	34	19	45	23	35	39	29	38	11	37	37	47	39	19	38	41	23	30	45	39	47	25	24	26	43	43	35	24	55	32	31	28	27	43	42	39	35	29	31	44	26	40	38	40	42	32	28	42	29	34	41	18	32	27	32	14	34	23	34	14	35	25	11	34	18	24	34	23	44	31	15	42	45	18	40	41	41	26	40	28	42	18	35	39
42	39	36	41	27	36	47	25	55	19	29	27	39	33	24	38	31	25	27	37	27	35	39	55	32	37	28	36	29	39	36	24	18	37	39	39	32	34	34	38	55	20	45	24	38	28	15	23	40	33	45	33	34	39	40	28	37	37	35	37	35	35	46	33	38	11	39	25	45	37	49	55	35	40	32	39	39	37	40	48	20	44	34	36	35	36	38	26	40	29	49	39	37	33	37	45	48	38	36	34	40	14	43	19	23	35	14	31	40	40	31	36	34	28	23	38	29	15	38	26	30	39	55	18	31	37	35	42	30	33
39	32	18	32	37	29	36	37	35	35	24	46	15	44	30	15	39	30	34	30	27	37	24	25	38	42	45	34	37	34	35	24	37	39	39	30	38	37	24	24	37	44	37	32	28	29	40	34	24	43	15	39	34	47	35	34	37	37	25	38	31	24	39	15	35	15	42	25	36	14	35	45	28	41	46	44	25	44	34	30	35	39	38	15	48	48	28	19	40	31	41	36	24	39	47	34	29	31	34	40	23	36	39	37	44	41	33	37	39	39	45	39	44	39	45	35	27	40	24	37	40	37	39	24	35	37	40	36	34	49
35	38	31	34	28	29	36	31	37	45	14	39	37	23	27	39	32	37	36	31	30	30	39	40	15	40	26	41	28	37	30	39	40	36	39	39	18	32	39	24	36	44	37	37	34	33	40	31	39	32	34	43	43	41	40	30	34	18	34	34	27	41	26	32	19	15	23	47	37	30	23	20	48	42	37	40	40	45	45	41	20	40	34	37	25	15	36	39	29	39	14	38	20	43	14	19	47	25	18	24	42	27	32	11	33	42	28	38	15	30	25	18	27	33	37	30	36	41	26	34	47	29	42	24	35	45	40	40	37	31
36	37	46	32	38	45	24	45	38	24	27	31	40	34	34	36	25	47	11	55	32	15	25	14	32	23	23	47	28	19	47	45	40	46	40	49	37	41	14	26	47	44	41	42	36	28	45	43	38	40	47	38	44	26	34	29	23	24	26	40	27	38	47	34	39	24	44	39	27	40	35	39	32	11	40	41	23	37	32	36	46	43	24	36	28	40	18	18	34	27	44	37	29	33	37	44	36	15	46	36	33	34	23	42	29	39	47	30	31	45	44	38	27	37	47	28	47	36	42	36	37	49	55	37	36	46	42	39	34	46
44	18	32	15	34	35	47	29	31	39	39	43	36	48	37	48	49	43	37	37	23	44	34	28	42	11	29	28	47	30	36	46	36	39	29	39	42	40	47	35	39	36	36	38	40	41	18	36	36	28	31	40	24	23	47	32	14	33	32	14	18	28	40	36	30	38	18	34	39	27	29	26	39	18	24	41	39	37	37	43	35	30	48	37	43	24	37	37	36	32	25	44	27	39	23	15	45	20	40	34	39	15	49	23	40	29	15	41	37	24	26	32	37	37	44	24	42	36	28	35	32	18	39	34	28	34	44	37	34	44
24	41	39	35	35	39	39	32	34	18	27	55	32	32	23	39	36	32	25	31	29	28	23	30	40	30	37	45	44	36	28	37	37	35	33	33	48	31	14	29	41	25	44	43	34	37	29	30	31	34	25	24	37	40	41	38	46	44	36	49	38	30	25	43	29	39	39	14	30	40	45	14	29	44	27	38	14	35	55	39	37	30	37	37	26	31	49	38	39	32	46	41	26	45	25	39	34	44	41	15	23	33	40	32	18	38	36	41	39	32	29	41	39	47	18	36	37	26	39	46	35	44	43	49	24	48	35	37	44	37
37	44	37	39	26	37	46	36	34	24	34	37	43	35	33	34	34	30	32	34	31	24	39	39	32	39	36	38	37	23	28	24	43	37	40	44	34	35	11	44	44	14	45	36	27	33	37	36	44	39	38	29	37	18	35	23	40	55	14	32	42	37	23	39	38	40	24	41	39	18	18	45	37	34	45	35	23	42	40	42	30	32	38	30	38	37	30	34	34	27	37	37	38	36	37	42	34	15	34	35	24	39	14	36	34	39	41	44	37	25	26	34	11	15	24	36	40	42	39	44	47	42	25	48	42	45	38	36	20	47
31	34	29	42	38	43	29	37	38	23	39	45	18	38	29	34	24	25	46	47	45	44	40	38	42	31	20	40	44	44	29	18	39	25	40	39	44	24	28	24	39	25	46	39	30	35	23	32	39	28	49	31	41	34	39	40	47	36	34	29	39	40	41	43	28	27	41	28	44	46	45	24	35	41	37	24	43	43	31	32	28	29	37	30	37	25	37	39	34	38	39	33	29	34	45	40	55	44	31	41	25	42	18	20	36	36	46	41	36	24	32	25	39	18	47	38	15	41	25	37	31	32	44	35	42	30	47	45	24	19
36	30	48	29	18	36	41	45	48	46	44	40	11	43	27	27	26	31	40	41	45	45	35	37	44	39	42	18	33	36	28	34	39	37	43	40	39	45	24	55	35	41	34	11	39	37	45	32	25	24	18	31	41	40	43	41	40	23	34	37	35	38	44	42	46	46	37	41	30	34	39	36	39	34	41	35	36	29	25	40	19	36	30	39	11	29	27	40	24	15	35	36	47	34	40	49	42	37	39	32	34	43	41	36	36	35	32	37	36	45	32	37	37	43	40	42	34	11	41	46	34	34	40	44	24	38	35	37	34	36
41	39	36	41	30	30	41	39	33	39	34	42	36	23	27	25	25	23	14	37	29	39	39	33	55	44	39	34	39	24	42	19	37	47	40	40	39	42	24	20	39	37	45	44	14	46	35	18	23	20	33	36	44	34	40	23	37	42	29	44	37	39	39	39	39	40	40	41	39	34	44	36	24	41	37	30	34	24	45	37	38	47	15	37	45	41	39	34	31	36	37	37	32	33	34	23	44	28	27	25	32	27	34	43	26	35	55	25	29	34	34	28	55	26	40	23	25	30	44	32	34	29	38	35	27	35	37	28	11	35
18	41	46	37	40	41	25	36	20	39	41	40	37	49	15	39	35	26	37	47	40	34	45	39	36	47	18	40	26	38	37	29	36	41	14	23	34	47	35	18	27	18	42	29	36	34	18	27	43	29	47	55	40	25	33	39	24	37	36	46	15	44	35	23	44	37	36	37	25	42	39	27	41	37	25	35	40	36	32	34	32	43	33	40	40	29	29	15	39	19	40	40	39	11	39	15	47	23	30	46	45	46	35	44	15	30	20	44	34	26	32	29	35	37	35	39	37	29	14	32	14	14	36	43	40	32	32	42	35	26
24	27	24	35	27	20	47	24	36	38	37	24	42	27	45	25	43	23	42	34	18	36	44	36	44	11	34	42	32	42	45	19	40	39	35	41	39	28	42	44	28	39	35	37	47	23	36	39	18	43	20	37	15	40	40	14	44	33	46	44	39	40	18	28	46	15	34	32	29	38	15	43	37	48	37	37	24	28	49	32	37	35	40	45	44	39	36	36	40	27	23	39	40	37	45	35	39	42	39	36	42	39	28	39	40	46	18	40	47	36	44	43	14	39	28	47	23	55	24	42	29	32	32	24	47	37	37	31	28	15
34	43	30	29	15	39	46	31	29	44	35	41	44	18	31	34	40	47	36	37	15	25	39	46	40	24	35	42	46	37	43	44	20	29	45	37	42	27	35	36	26	30	36	41	42	39	37	25	35	41	42	35	33	18	33	39	39	39	39	48	28	39	36	38	25	27	35	18	35	41	47	36	28	49	40	43	25	43	36	44	25	49	41	26	23	23	44	32	34	28	25	37	33	42	36	37	37	37	39	39	34	24	35	47	39	39	24	26	44	32	23	34	37	39	19	36	31	37	15	40	42	36	46	40	29	44	47	42	44	37
28	31	37	41	40	37	39	27	31	30	37	36	36	41	36	35	26	27	29	24	27	36	37	48	40	23	28	34	36	28	41	44	32	34	36	23	15	30	39	32	31	24	44	19	34	14	11	36	44	40	26	39	40	46	18	39	43	38	33	31	25	40	34	35	37	36	47	32	30	35	33	32	34	33	23	39	39	35	39	41	34	47	41	39	33	24	40	35	31	31	37	34	25	24	39	39	37	24	30	41	33	34	39	49	40	26	25	29	47	28	35	23	40	25	18	40	38	44	36	31	24	45	44	48	39	28	35	34	42	28
29	33	33	18	35	40	36	35	37	36	37	37	37	31	15	39	39	37	40	33	34	44	28	42	32	29	33	30	24	46	42	42	41	30	39	39	27	28	28	43	37	49	18	40	18	37	29	55	28	29	28	47	25	18	46	34	23	47	36	37	27	37	25	36	40	39	37	24	44	44	37	42	42	37	36	43	45	32	35	44	35	40	36	39	24	15	44	37	44	36	30	36	44	45	41	41	35	40	40	34	15	37	30	42	23	45	49	44	25	35	28	37	36	40	15	39	39	36	47	31	42	39	43	40	25	44	31	37	37	24
24	28	36	28	39	15	40	15	39	20	46	48	37	47	28	31	25	24	39	36	40	44	45	40	38	23	44	46	18	40	41	40	41	47	35	41	36	30	55	36	42	25	40	36	24	44	14	19	37	45	36	15	55	18	25	35	36	32	32	35	44	29	20	40	39	39	27	28	29	44	23	23	38	45	47	14	37	37	37	32	29	42	37	37	44	30	40	25	47	39	34	44	42	37	26	39	30	47	42	26	33	29	35	27	32	34	26	44	37	40	34	34	27	34	29	44	24	44	27	42	29	30	36	33	40	44	39	37	36	24
36	37	39	27	42	32	39	44	37	32	30	29	41	18	15	32	38	32	28	11	41	46	39	42	26	24	40	24	44	39	27	35	46	28	55	40	39	29	37	36	42	43	26	31	41	33	27	11	14	32	29	27	23	34	38	43	46	27	42	41	31	37	40	24	18	24	11	25	40	39	37	23	42	39	23	36	32	37	38	49	48	37	34	26	25	44	41	40	39	26	39	39	28	44	46	23	41	29	38	37	28	37	40	24	36	43	31	33	31	37	40	26	44	26	40	40	43	39	27	40	32	37	37	24	43	32	39	31	37	43
35	38	43	33	18	33	42	18	39	25	44	49	38	31	27	39	42	36	49	34	32	43	29	37	35	23	24	42	37	37	28	32	40	35	47	38	24	42	42	35	29	30	39	35	55	15	44	34	44	44	38	39	34	36	39	19	37	44	42	31	40	37	36	31	46	14	40	25	40	28	41	43	47	47	29	20	44	36	31	37	30	25	37	43	33	37	47	47	31	25	44	34	15	44	37	44	27	23	37	37	11	40	42	19	43	38	43	38	33	40	23	38	15	32	36	24	44	31	35	37	18	24	34	48	42	23	26	47	23	55
40	25	24	36	34	40	44	45	29	43	44	34	34	19	40	15	28	31	39	32	47	40	29	29	42	23	37	35	40	31	39	31	46	40	36	46	47	33	43	32	40	46	47	37	26	28	24	44	35	37	14	48	20	36	35	45	37	30	36	20	24	31	37	28	41	34	35	40	34	38	27	41	23	40	38	55	28	41	11	15	28	39	55	42	41	39	24	37	23	25	32	24	30	32	39	39	29	35	25	44	15	38	23	37	44	45	36	40	26	33	33	18	40	14	15	42	27	24	26	37	37	41	36	46	41	40	44	29	26	25
46	18	39	25	30	39	28	39	34	35	44	30	36	34	44	48	43	24	42	23	32	39	42	26	39	31	42	44	36	33	29	28	45	37	34	19	39	45	38	44	40	34	27	34	30	24	39	34	40	44	43	19	42	55	25	25	40	38	36	47	43	32	18	27	49	47	29	40	39	47	36	36	36	41	47	44	15	15	41	42	15	38	42	18	43	39	11	42	20	34	19	44	35	36	15	35	44	55	15	36	24	46	38	31	31	35	28	25	38	36	47	43	38	34	38	39	30	40	40	39	45	23	39	39	40	18	49	47	34	37
38	28	40	32	35	47	42	33	44	37	42	36	41	48	44	43	30	32	42	27	32	44	40	26	27	34	33	45	31	34	47	42	43	19	23	47	44	46	29	36	41	34	25	39	45	43	34	38	39	36	40	31	31	33	32	34	14	34	40	30	45	40	24	15	39	49	47	29	41	37	40	29	36	15	30	37	23	37	35	14	41	37	38	44	20	43	39	35	33	55	44	44	18	11	39	19	36	28	37	37	47	45	37	39	24	44	44	34	25	42	34	27	34	38	41	15	36	38	36	25	43	14	39	28	28	37	20	35	44	24
42	36	15	29	27	43	41	27	30	34	34	32	44	40	41	39	41	27	33	36	34	45	24	39	42	44	30	44	42	14	37	40	35	47	32	41	30	38	35	20	41	15	40	30	37	40	36	39	33	38	14	43	29	36	35	35	37	30	44	46	34	23	35	44	39	15	44	23	35	40	39	24	39	45	40	35	28	36	48	36	31	45	37	15	38	40	35	37	39	36	27	34	41	43	39	26	43	35	42	45	43	28	39	36	30	39	40	34	34	39	46	41	38	41	24	36	41	20	39	39	45	38	42	24	40	44	33	39	36	41
25	38	37	36	29	42	39	39	31	42	26	33	32	18	11	45	14	49	44	46	39	39	36	41	41	36	40	30	36	44	37	37	34	26	37	37	28	24	45	39	35	36	47	24	34	49	42	35	44	25	24	37	43	36	35	24	39	20	32	29	48	14	32	31	32	28	40	39	49	46	44	39	14	40	41	36	36	47	39	40	40	27	27	42	41	25	43	29	45	40	33	39	26	14	38	35	32	42	34	44	29	29	39	23	24	42	35	37	29	34	36	35	18	38	42	38	46	33	36	36	38	34	47	39	33	29	18	34	35	40
34	34	26	30	24	37	31	49	30	18	39	20	24	39	36	26	40	39	15	39	38	43	23	11	44	25	24	43	14	55	27	40	27	42	27	15	47	44	39	35	42	23	48	37	26	36	35	11	44	40	25	37	25	34	24	42	37	15	37	29	34	39	41	32	41	31	35	39	34	32	40	37	37	37	34	37	23	40	44	44	29	23	19	44	44	39	20	34	37	39	34	35	42	24	26	36	39	19	24	23	37	31	30	55	47	31	36	32	37	14	35	14	36	23	42	33	41	35	45	44	44	23	46	14	23	24	43	18	33	44
40	42	37	14	36	26	40	36	27	28	23	43	34	55	38	44	40	29	37	18	26	37	39	25	42	15	20	40	33	36	39	31	44	40	34	38	37	36	36	39	47	18	49	24	24	44	14	40	15	20	18	15	34	38	34	42	37	23	45	25	41	37	26	24	42	30	25	39	34	29	36	29	45	42	37	38	42	31	39	38	40	49	41	39	11	37	40	33	39	41	48	20	40	37	28	33	41	28	18	42	34	26	35	33	44	40	15	36	36	44	42	39	41	38	27	28	24	23	49	40	39	27	40	37	35	14	25	45	47	55
39	40	35	34	42	39	38	18	44	20	35	28	41	30	37	39	44	45	37	38	24	34	30	39	40	41	44	40	35	26	34	33	33	23	25	37	39	35	19	36	24	28	30	31	40	33	32	34	31	36	24	42	40	28	29	40	55	27	40	49	37	30	44	26	25	11	40	36	37	36	40	40	42	39	35	33	35	35	34	39	37	49	37	43	41	42	39	39	44	30	46	44	34	44	29	26	34	36	23	23	30	15	24	39	37	26	11	33	36	34	34	28	42	39	20	18	30	37	19	39	30	37	41	24	29	49	37	32	37	46
37	47	49	34	45	15	42	37	40	26	37	39	30	18	25	34	35	32	33	37	41	33	41	32	37	14	44	45	40	29	31	18	23	31	23	35	34	44	37	34	27	37	34	36	39	45	25	36	47	24	39	42	27	24	27	28	26	37	24	40	32	38	42	36	38	39	37	39	39	44	30	18	18	15	18	45	44	14	36	39	40	35	36	39	15	28	39	14	35	18	38	29	18	33	34	37	39	27	39	15	32	28	15	23	28	34	35	38	29	29	43	24	28	37	31	39	46	37	15	37	42	39	25	45	42	32	24	36	31	45
23	24	11	27	29	31	38	44	44	35	31	45	39	35	31	44	37	38	31	40	39	42	36	24	14	44	39	37	39	24	26	37	42	42	40	37	29	41	33	36	40	40	36	23	27	45	23	31	49	18	24	47	43	34	36	44	34	37	14	34	44	37	49	20	11	18	32	47	44	14	40	27	33	28	47	39	43	37	29	38	45	34	37	37	34	24	39	25	41	34	37	42	14	43	37	23	37	44	29	23	40	39	34	37	34	36	43	18	35	36	34	38	35	18	18	35	33	35	45	29	37	46	42	40	39	25	55	39	34	15
30	40	36	34	28	39	32	28	24	33	14	41	40	42	30	29	40	37	24	42	45	41	46	44	29	44	34	42	43	55	35	39	37	41	15	42	32	38	46	44	28	40	29	32	41	39	31	20	18	30	37	27	36	23	42	38	43	40	35	11	18	27	41	39	34	32	27	28	35	23	27	24	18	39	28	18	24	40	29	25	38	41	37	40	39	28	40	44	35	42	23	36	37	33	31	47	19	39	28	39	41	39	24	35	40	41	36	36	44	14	49	35	20	38	41	39	37	23	37	18	39	18	37	29	36	37	34	34	27	35
44	44	41	37	41	24	38	47	55	35	40	37	42	15	25	45	47	33	24	41	40	46	39	32	31	55	29	41	35	39	23	44	39	35	15	45	40	35	36	14	42	42	35	35	44	15	39	27	23	24	29	29	43	24	18	36	37	15	40	39	49	42	30	24	38	44	47	36	32	38	39	31	18	39	37	34	27	36	39	40	32	23	35	41	36	44	27	24	45	44	27	24	34	27	40	39	26	42	30	44	41	44	32	31	37	39	37	39	19	40	24	49	43	32	39	29	33	15	18	24	47	36	40	40	40	43	39	27	15	37
18	39	39	49	35	23	41	28	42	19	25	32	14	23	20	34	47	37	24	25	28	40	14	39	47	39	41	40	31	30	41	43	24	42	32	35	37	11	32	32	32	29	29	39	31	34	18	42	32	39	42	44	39	41	44	39	23	29	24	14	18	24	44	44	43	42	28	34	42	35	24	42	24	35	48	40	34	39	32	15	15	35	35	24	24	34	45	41	39	32	34	40	47	34	34	29	36	26	45	41	28	32	37	40	41	37	39	19	37	35	45	30	28	40	34	41	36	26	23	35	47	46	43	32	39	34	43	37	37	40
34	32	37	36	35	36	24	42	28	40	48	46	39	37	37	42	38	23	32	40	26	15	38	40	27	40	39	29	19	39	41	20	30	23	34	28	29	45	45	43	39	34	37	39	44	37	18	42	19	39	42	41	37	28	40	32	26	28	30	37	42	31	15	35	44	41	48	42	19	32	25	34	39	39	19	26	41	40	48	45	34	36	20	39	34	28	39	37	35	27	31	41	37	27	45	42	31	15	39	39	37	23	33	23	27	27	18	33	18	39	32	36	42	38	40	39	11	42	47	41	41	41	19	34	31	39	47	39	28	38
32	20	49	40	34	25	49	49	43	37	31	37	40	47	36	38	24	37	55	34	40	44	40	37	36	39	26	37	19	44	28	41	44	26	39	46	28	20	28	43	40	23	15	48	27	36	24	31	30	33	18	37	35	34	35	44	34	37	44	36	29	32	43	31	30	46	29	36	32	42	45	27	39	24	36	32	37	25	39	31	41	43	15	39	41	31	39	36	42	15	37	44	37	38	30	40	42	24	36	40	45	33	28	24	37	46	42	34	35	32	36	48	28	39	35	28	23	27	34	42	43	28	37	24	34	46	32	11	39	34
37	39	37	23	24	30	27	34	37	34	27	37	36	27	44	35	44	37	46	25	39	43	35	15	37	35	36	38	40	37	15	45	37	15	33	27	28	25	34	38	24	37	31	47	40	20	39	27	45	33	30	29	37	40	23	36	36	36	38	34	45	40	39	43	39	37	55	45	35	42	35	44	37	25	33	42	27	37	24	35	47	39	38	42	26	37	44	32	32	28	40	43	24	33	41	42	37	20	35	24	37	44	39	40	44	34	43	26	48	42	40	38	29	43	39	24	36	40	15	44	38	33	33	35	37	37	44	15	18	40
36	36	24	24	45	15	26	41	34	46	20	34	23	40	28	27	43	41	45	37	35	30	23	34	41	45	25	37	43	31	15	35	47	39	40	33	42	36	23	48	34	28	47	47	38	40	20	39	18	42	44	32	39	40	44	43	32	44	11	25	46	34	27	40	40	15	31	45	34	42	45	40	23	40	42	15	41	33	37	38	44	35	42	30	41	39	42	42	48	20	39	33	47	24	29	37	36	41	30	31	28	49	46	25	35	39	46	40	27	31	32	40	40	31	24	24	40	30	24	41	34	40	44	35	40	35	29	18	40	34
34	40	44	39	33	37	37	45	37	41	15	44	24	34	39	37	24	35	37	39	40	24	42	34	44	40	44	37	44	42	32	14	39	41	45	39	27	47	39	37	36	38	27	25	40	39	34	19	39	37	41	29	37	38	25	38	35	39	30	27	39	40	27	15	39	38	36	34	23	37	35	35	44	40	36	39	36	25	24	24	45	18	36	30	27	39	41	44	35	27	38	46	26	37	36	35	30	44	37	40	35	25	41	25	36	42	46	27	18	47	37	44	15	39	37	42	38	36	35	37	34	36	25	46	32	14	25	29	33	15
45	37	34	32	29	35	36	34	46	47	41	25	37	26	15	39	39	44	14	49	39	15	39	40	15	27	14	39	30	34	38	37	40	44	15	47	46	37	42	37	14	35	15	26	37	33	24	31	44	15	40	37	35	41	24	36	15	39	40	19	11	14	45	30	39	34	33	39	43	24	32	36	30	39	38	44	45	34	40	34	45	23	44	30	42	40	39	42	24	30	41	38	36	39	44	44	38	40	38	37	35	40	11	42	36	40	35	28	14	34	14	37	34	32	31	45	31	38	37	46	28	19	32	34	36	34	36	39	37	24
24	11	40	39	45	35	35	37	18	27	36	26	15	37	39	34	15	45	29	30	40	11	15	29	14	39	36	33	35	23	32	15	34	38	37	43	29	42	34	28	32	49	45	47	28	30	15	30	34	33	37	18	25	31	23	26	45	36	44	36	37	37	37	45	27	39	37	33	18	39	37	32	37	20	33	15	30	32	44	45	31	34	44	44	36	19	39	37	46	49	24	37	35	37	32	29	37	38	32	44	48	18	30	36	30	41	27	36	39	42	40	37	14	35	39	39	25	35	23	23	32	32	33	14	37	24	43	39	44	25
39	42	27	33	47	30	31	41	38	41	35	24	47	35	30	37	40	37	27	31	40	32	14	36	30	28	32	43	34	36	37	31	43	24	37	39	29	28	39	37	37	48	32	31	34	36	37	48	32	45	38	35	23	37	34	29	25	23	37	45	45	26	43	46	40	25	39	41	29	34	44	29	43	27	38	30	25	40	40	32	25	11	35	24	42	45	34	34	39	37	23	42	37	23	38	29	30	33	19	30	24	37	35	37	20	18	44	48	34	40	49	44	37	24	34	34	43	30	34	45	37	36	40	46	40	41	49	34	31	38
29	41	34	31	40	34	43	31	36	18	15	35	37	37	39	28	24	28	45	37	37	24	30	37	36	43	25	42	37	37	37	25	40	28	45	27	44	40	28	18	24	46	46	32	47	40	48	35	39	28	40	39	37	39	40	20	41	18	15	32	35	29	45	37	35	42	40	37	36	28	44	46	28	34	40	33	29	45	40	28	30	14	34	55	38	29	40	48	15	43	34	38	39	34	28	46	37	40	19	35	44	34	39	24	36	39	36	15	31	42	24	24	35	37	32	38	23	33	48	41	24	39	35	36	43	49	34	40	18	38
25	40	40	47	25	24	36	23	39	35	47	39	34	37	34	30	46	33	34	41	45	39	18	14	25	37	37	32	27	24	26	44	42	43	26	18	37	34	24	14	30	37	40	40	11	44	45	30	24	25	25	35	14	24	26	23	41	42	32	40	39	28	15	27	32	38	15	39	34	39	28	36	36	31	47	29	28	32	31	29	39	33	27	43	25	30	44	39	36	35	32	37	15	29	32	42	29	34	37	33	40	44	39	38	34	45	36	36	30	36	29	39	40	33	38	39	36	37	25	31	18	26	29	40	42	40	23	42	37	47
40	37	35	18	28	36	36	34	18	30	39	45	37	24	34	40	14	35	46	30	27	34	44	55	38	37	24	34	32	44	11	25	39	46	28	45	39	14	49	18	34	48	35	36	37	47	39	44	37	47	43	41	28	35	39	42	41	33	31	43	42	37	37	35	42	18	46	35	39	24	39	31	32	19	40	25	37	28	42	24	27	46	40	32	41	15	42	33	36	39	34	47	39	31	43	35	47	23	38	38	36	46	35	46	28	24	18	43	15	35	37	43	37	11	43	25	24	38	36	27	35	35	24	37	45	32	28	37	41	35
46	36	37	28	24	38	43	42	36	35	32	39	45	26	24	28	40	39	31	47	40	39	26	41	46	34	35	37	19	37	47	47	35	44	37	35	44	40	29	15	35	26	27	14	35	28	39	39	40	14	45	14	28	18	15	39	29	39	39	36	29	38	40	27	28	48	15	20	39	39	35	38	30	28	41	44	39	36	41	29	37	30	38	39	30	36	46	38	24	46	45	30	15	36	43	29	35	11	18	26	30	44	37	35	24	26	32	35	44	31	39	30	15	28	55	49	26	33	35	49	30	29	11	37	28	24	37	49	39	28
42	18	43	24	39	27	44	24	28	35	33	38	30	18	23	40	36	34	32	34	24	26	44	38	32	36	37	36	37	39	47	39	37	46	40	38	42	34	43	15	49	18	36	35	36	40	24	28	37	44	31	15	31	23	36	19	35	42	37	40	35	37	31	41	48	34	39	28	33	18	35	39	44	40	33	42	37	11	24	28	27	36	45	48	36	24	42	40	37	33	36	34	42	37	42	37	36	39	37	32	38	40	26	42	45	40	39	31	38	32	39	43	25	39	40	36	47	40	36	40	42	33	47	40	44	38	20	27	25	42
55	24	34	39	24	30	48	34	43	39	41	36	39	33	40	55	37	31	24	37	37	40	18	40	31	41	26	15	30	46	36	28	47	39	27	34	31	43	35	39	55	28	46	34	24	37	34	38	14	35	30	34	14	32	15	24	39	37	42	11	31	25	37	40	41	42	20	39	34	14	36	44	40	23	37	46	25	41	37	39	44	35	35	36	36	30	36	37	33	39	55	18	14	29	44	45	47	28	47	27	32	47	39	47	25	39	34	42	15	40	35	33	41	35	33	28	33	15	25	43	39	39	40	41	31	29	37	18	46	39
42	35	45	42	37	18	41	42	32	45	39	43	14	25	32	46	40	47	40	37	36	34	36	40	27	47	35	25	38	32	36	40	31	42	55	23	24	37	37	39	55	38	15	36	37	34	19	19	44	33	27	55	29	24	33	35	43	24	38	39	27	37	34	46	37	29	32	45	45	36	23	23	44	40	37	40	30	25	34	29	40	44	32	49	35	28	29	41	31	38	27	33	15	20	24	44	42	34	45	26	41	44	34	34	27	45	31	33	32	26	24	43	47	39	37	36	19	40	25	27	39	40	25	36	28	45	18	23	34	32
34	41	37	18	42	19	35	42	37	11	24	27	39	41	36	27	32	24	19	23	33	34	40	23	39	41	29	27	35	24	47	37	34	35	30	15	37	33	37	30	39	37	27	30	39	48	41	34	27	36	28	47	45	30	34	30	39	11	37	35	40	23	14	15	34	39	42	40	32	39	24	38	37	31	38	23	15	40	23	40	36	30	44	18	18	32	39	36	42	25	36	32	39	11	37	24	42	31	18	28	27	35	48	44	35	19	25	42	39	44	44	35	41	49	32	40	35	43	41	41	29	25	28	28	43	27	40	37	39	37
14	34	29	42	24	36	31	33	14	46	40	42	40	39	34	34	37	25	30	36	18	41	39	34	24	18	31	18	44	28	47	34	45	31	40	36	37	42	37	45	36	23	42	45	18	19	44	37	35	39	42	44	27	24	36	39	40	36	33	42	30	38	39	27	46	15	40	40	24	55	46	39	44	35	43	33	26	36	40	32	39	40	35	37	37	25	24	37	30	32	39	29	29	35	32	34	47	34	39	34	23	25	27	48	27	30	41	38	33	33	37	42	20	14	28	19	35	39	38	29	25	35	45	33	37	38	30	45	42	40
40	18	31	49	39	39	18	37	25	39	15	15	31	39	39	18	28	40	40	40	39	47	32	29	34	55	42	40	45	39	44	34	47	42	39	48	24	47	37	34	18	39	35	41	47	44	27	28	42	36	35	15	45	39	44	37	34	37	24	45	40	19	38	32	40	36	32	42	33	42	26	39	39	39	39	26	49	27	36	39	31	39	27	30	32	42	42	30	35	14	34	37	31	39	44	38	29	18	25	28	35	39	46	38	33	18	28	48	27	40	18	26	35	44	47	36	43	38	40	41	44	29	48	35	26	40	38	34	35	40
33	39	32	43	29	36	24	32	40	41	15	29	35	43	34	42	39	35	24	24	25	11	40	27	46	37	23	35	35	36	31	43	27	43	19	38	18	24	44	44	40	44	25	45	19	41	33	41	34	42	23	43	25	42	40	29	18	37	39	39	28	40	26	44	40	15	40	40	44	37	39	37	39	34	30	18	35	49	39	24	40	33	37	42	44	39	35	23	39	30	44	28	45	38	36	36	33	35	37	36	41	23	44	25	35	44	43	11	45	15	45	35	36	26	48	34	26	42	42	33	30	34	35	45	41	42	40	37	31	38
40	39	36	45	38	19	45	24	40	15	35	27	29	34	30	36	30	44	45	39	40	33	35	45	29	32	26	29	34	28	49	39	34	37	38	36	32	44	28	31	35	29	44	15	41	37	36	37	37	39	33	36	43	33	41	29	41	43	34	37	14	28	25	35	19	47	34	34	38	36	25	44	36	39	41	35	42	35	24	34	27	18	42	42	14	18	28	20	40	34	45	31	39	29	40	33	31	44	44	35	39	40	33	24	43	34	30	37	40	42	31	44	36	35	34	37	45	38	27	40	48	38	44	45	34	40	28	39	34	37
34	28	36	37	11	37	37	38	42	42	44	20	42	27	40	25	44	40	34	19	37	28	18	37	43	37	40	44	28	40	35	48	41	37	39	37	40	35	44	28	39	15	34	34	25	11	37	40	43	29	15	37	24	35	40	39	33	15	36	41	26	39	36	37	35	23	43	28	14	30	42	39	38	29	37	40	46	36	34	44	38	37	24	24	14	18	34	37	14	42	36	30	37	39	32	37	37	28	24	39	34	43	37	37	44	32	39	42	19	19	41	24	45	39	41	41	34	34	45	39	11	40	44	38	34	23	44	37	37	37
37	28	29	23	14	40	26	36	29	35	40	44	40	35	42	31	43	46	34	46	36	44	23	38	38	35	35	39	34	28	47	27	15	30	37	19	44	40	38	32	27	42	39	36	35	31	42	36	38	47	23	40	35	26	37	25	39	32	39	15	34	36	29	41	18	29	39	24	35	28	37	11	34	14	15	37	37	34	24	40	36	38	28	47	26	27	35	39	42	35	27	44	37	24	26	24	40	37	28	23	48	34	33	44	15	11	44	39	40	28	42	30	33	15	25	34	43	47	43	47	32	24	19	15	34	45	37	24	36	15
36	38	23	23	14	35	32	34	31	37	45	38	41	34	45	40	36	42	29	37	46	27	40	39	24	45	44	25	31	47	47	25	36	23	43	37	23	47	39	26	28	25	37	35	34	38	42	36	37	28	37	39	25	42	40	31	32	24	24	40	35	37	28	28	43	27	40	28	27	41	37	20	24	37	47	36	34	15	44	42	40	45	41	36	32	34	44	36	33	28	34	46	36	44	39	32	39	37	45	40	26	20	29	44	35	39	41	40	42	24	24	32	39	44	43	18	20	15	48	44	38	42	41	15	40	39	39	35	34	46
44	14	42	36	28	42	42	38	15	26	32	36	15	45	36	49	47	24	26	29	24	29	44	43	45	18	29	44	15	23	37	55	27	35	24	37	46	32	31	37	37	40	18	47	39	35	49	39	55	25	39	47	49	39	24	42	26	36	23	26	34	40	36	11	36	33	24	28	41	39	39	37	32	31	37	31	44	45	37	23	14	33	40	24	33	36	39	44	26	32	36	45	27	42	37	37	37	19	47	29	40	39	25	28	45	44	14	36	41	30	28	37	15	11	15	33	37	14	20	23	28	45	49	28	19	30	35	40	20	23
40	40	24	39	39	40	40	37	45	32	38	36	41	36	39	29	40	26	30	37	24	44	42	38	39	15	37	39	47	40	27	24	23	38	34	35	29	45	41	37	34	39	19	45	18	44	27	35	44	44	37	35	40	38	27	24	40	43	30	37	25	44	35	44	39	35	35	11	33	34	32	30	25	29	47	18	39	48	40	40	40	29	55	41	37	39	40	39	15	46	36	28	48	38	45	28	26	20	28	39	37	24	28	23	39	42	39	37	41	19	28	33	35	32	40	40	46	36	42	32	42	25	19	40	25	38	34	47	33	30
35	48	37	35	30	42	36	39	43	37	40	40	23	30	47	27	27	33	37	40	49	47	39	26	37	30	24	39	30	38	43	43	31	35	42	45	44	30	55	45	26	14	40	47	36	38	40	29	37	19	37	37	35	35	28	42	40	35	55	27	39	40	27	24	47	14	34	47	40	46	40	34	55	29	46	39	27	25	24	39	34	29	40	42	30	36	38	23	40	40	33	28	39	41	25	44	28	39	34	38	37	39	35	37	39	43	43	49	29	25	19	36	42	30	27	40	27	41	46	34	24	29	27	36	44	43	24	34	25	19
45	18	40	15	47	36	44	24	27	35	30	29	39	33	34	29	39	36	55	36	37	43	37	35	24	35	32	28	27	33	42	45	34	40	39	24	40	33	25	34	42	41	37	41	39	32	26	37	40	37	39	31	39	24	39	37	14	37	40	28	38	27	28	37	37	28	48	34	30	33	35	41	29	45	38	41	37	37	31	39	14	36	45	55	27	29	34	34	35	23	37	44	36	39	38	40	41	39	41	37	33	33	18	29	40	39	44	39	33	41	28	35	37	28	40	32	24	29	44	41	15	43	15	45	39	15	37	45	44	29
36	26	36	39	27	42	36	39	39	37	34	49	38	14	34	19	20	34	40	34	24	43	39	41	45	31	28	39	44	23	37	39	33	35	42	48	38	35	27	19	41	39	36	15	44	46	44	26	37	24	38	44	47	34	42	40	45	39	15	37	44	39	37	31	35	28	34	32	32	39	28	39	39	35	36	42	46	34	34	15	39	47	26	44	39	41	14	36	35	28	42	32	36	31	30	46	37	36	40	34	14	32	46	34	37	27	43	29	15	18	24	14	40	37	37	34	30	24	14	38	36	40	37	36	45	44	41	40	45	27
18	33	36	18	32	24	23	37	37	44	42	36	24	26	19	41	32	14	38	39	33	39	36	29	24	36	36	43	30	34	35	39	36	40	46	36	30	30	40	38	30	44	35	44	49	46	29	47	14	37	35	24	27	44	36	24	29	40	39	37	39	15	28	32	55	24	35	41	40	34	44	36	40	44	34	39	46	32	42	39	38	35	43	34	42	37	35	27	44	18	46	36	15	42	34	43	49	24	44	40	24	37	40	34	37	36	40	30	28	39	35	34	38	40	41	25	39	40	36	34	40	15	34	27	34	24	33	24	19	39
29	36	40	40	39	37	40	29	29	39	37	19	39	46	32	15	35	34	40	25	40	29	24	25	32	38	39	34	36	35	42	28	24	42	39	36	48	44	46	45	31	18	37	34	39	44	49	32	35	14	25	31	42	23	38	45	15	29	24	41	38	39	37	37	44	42	29	40	33	24	24	44	46	38	40	34	36	42	24	40	44	11	37	40	38	35	33	15	40	38	43	37	39	36	34	33	40	35	29	25	37	29	40	45	14	39	40	40	40	28	32	36	30	37	47	37	34	39	35	29	44	34	34	34	37	26	47	35	24	32
30	48	35	39	34	15	37	35	37	42	36	43	24	49	31	25	39	55	30	41	39	33	25	15	15	18	37	32	32	36	40	25	25	24	11	37	14	27	27	38	49	39	34	14	34	55	34	39	37	44	39	38	30	15	42	40	35	34	36	44	35	40	44	24	39	27	44	20	28	44	23	27	36	43	29	41	48	32	29	39	37	40	37	25	29	40	39	45	25	40	36	25	40	44	39	29	44	36	34	39	44	37	23	36	44	39	15	25	44	32	32	29	28	44	20	37	42	34	39	35	18	43	31	15	44	40	30	39	41	33
42	45	34	47	25	35	29	24	26	34	29	38	38	44	44	25	38	41	47	34	39	37	36	45	37	37	36	28	44	37	24	26	33	46	43	37	39	25	41	39	41	32	44	29	39	39	35	36	41	38	20	45	45	31	39	38	29	45	40	26	44	39	38	45	42	31	37	40	27	55	27	31	37	36	39	30	40	40	42	41	24	37	26	31	35	49	37	38	37	38	37	41	15	36	40	37	24	30	39	18	11	30	40	37	46	26	38	36	40	44	23	32	30	41	27	37	23	34	24	25	44	45	40	18	38	44	44	44	29	29
49	25	34	27	18	18	43	28	49	42	45	42	11	35	39	44	47	31	41	55	42	39	41	32	34	24	40	32	44	37	39	37	36	47	55	15	15	15	29	39	39	49	45	47	33	27	31	40	34	36	28	45	44	25	45	36	37	34	37	40	44	37	14	46	39	34	27	33	43	30	37	24	40	39	40	36	37	20	44	11	27	39	32	27	39	31	43	37	37	14	35	11	29	46	40	47	25	46	37	47	23	18	28	38	37	35	15	24	36	37	40	38	37	42	34	40	36	31	18	26	42	26	35	36	18	25	42	15	28	36
25	40	49	47	37	39	36	43	44	31	47	35	34	43	30	33	36	43	34	46	11	36	41	40	34	23	42	36	36	36	24	44	27	24	33	47	26	36	45	37	28	35	34	32	41	40	34	41	18	39	40	39	34	34	45	36	19	41	15	34	25	44	37	42	38	35	43	34	27	34	28	39	34	24	36	42	44	24	31	37	14	29	37	32	39	39	32	42	39	37	25	38	30	47	20	31	34	36	30	36	41	27	43	28	24	24	15	23	31	36	40	42	36	42	23	40	18	36	29	41	39	32	28	31	24	34	37	27	23	34
38	15	30	34	55	40	45	18	45	37	25	32	26	42	47	39	44	27	40	39	39	31	32	28	34	31	37	48	40	46	26	26	34	41	47	27	55	27	14	44	38	26	44	37	28	36	35	37	39	36	43	24	32	35	37	39	37	35	42	32	43	37	42	30	37	15	24	27	18	40	39	26	18	34	24	43	35	49	49	40	36	33	25	37	43	35	41	39	32	27	35	18	40	43	42	37	37	45	47	26	18	35	46	38	34	15	55	32	34	49	35	37	42	29	48	40	44	39	37	31	44	40	32	40	34	18	46	24	36	31
41	40	49	47	44	15	34	37	39	30	29	37	15	41	39	37	44	38	19	47	34	40	40	25	46	47	29	33	40	34	25	32	37	42	23	43	39	18	47	32	36	27	33	27	28	36	33	24	18	45	34	24	42	28	38	40	37	39	30	39	30	33	25	15	45	14	37	19	44	23	18	28	37	39	44	19	23	27	19	35	28	30	27	41	42	28	37	37	25	42	46	40	37	46	40	36	36	41	45	28	18	32	38	44	44	37	28	41	35	37	31	39	45	38	24	37	20	31	40	37	44	40	42	38	45	18	47	39	32	29
40	26	35	47	38	49	33	35	24	47	39	15	36	35	25	49	34	47	39	39	19	30	26	39	15	37	19	15	44	37	32	44	37	34	32	28	24	39	46	40	44	14	38	19	39	44	20	15	41	38	26	35	35	14	39	41	23	41	15	32	41	24	48	32	41	32	44	29	39	45	45	26	47	29	19	44	43	25	30	26	44	38	37	24	34	39	36	37	39	36	24	34	40	35	37	35	43	39	23	14	24	37	30	20	35	24	42	40	28	39	32	36	38	36	45	28	47	36	27	39	18	15	38	41	41	28	36	29	24	39
39	39	46	30	18	37	34	55	44	40	31	55	20	39	29	25	40	43	44	36	42	39	43	41	43	32	44	39	40	42	37	39	28	47	39	24	33	28	37	27	38	40	14	34	25	23	37	38	36	39	40	41	34	36	36	36	37	39	36	41	42	28	40	35	24	35	42	38	25	24	40	29	41	47	55	35	36	37	46	34	39	39	40	38	31	34	24	18	15	36	26	42	40	18	40	38	23	11	35	34	35	20	11	35	28	15	38	37	14	37	38	34	43	39	48	18	39	35	34	29	40	29	23	40	32	24	26	40	23	40
38	34	32	44	31	29	44	15	37	38	27	36	38	43	32	33	24	44	34	37	27	28	24	18	38	37	25	40	25	36	37	43	32	45	42	31	23	42	39	29	40	33	39	40	26	28	47	35	36	40	47	14	44	44	46	34	39	37	40	37	36	36	34	37	44	30	30	40	15	18	49	42	38	34	34	35	37	39	42	39	38	32	36	44	25	44	29	15	37	37	32	43	35	30	34	29	42	36	37	29	29	24	18	43	42	42	14	27	47	25	32	35	45	33	35	34	43	24	45	18	24	29	29	20	38	45	44	37	27	35
38	18	40	37	42	45	48	40	28	37	40	24	33	46	24	31	24	35	42	29	33	26	39	29	37	37	24	42	34	39	28	23	25	36	34	39	40	40	37	40	37	39	38	27	41	37	40	40	31	38	40	28	39	36	24	24	47	18	44	37	42	23	25	47	48	36	40	24	55	47	15	34	18	36	38	37	37	42	29	39	41	37	25	15	18	40	34	45	11	29	49	39	11	37	23	36	29	37	39	44	40	28	25	43	42	37	47	39	34	39	40	38	24	30	46	14	37	23	45	34	47	24	40	44	40	32	40	42	26	24
15	39	41	24	27	35	14	34	37	27	23	45	45	28	39	42	35	44	44	25	43	49	41	47	48	35	44	40	31	37	46	38	39	37	37	24	19	37	31	15	11	25	34	37	29	44	14	32	47	40	39	32	39	40	44	27	25	40	41	32	29	23	40	31	40	30	34	30	37	44	31	36	43	40	43	35	40	38	38	24	31	44	19	15	19	25	39	25	39	31	27	37	29	31	42	19	38	45	36	31	40	15	32	30	18	37	29	44	38	18	24	47	23	37	37	33	38	27	33	32	37	34	41	33	14	35	28	35	11	27
34	41	37	41	47	44	40	30	37	29	39	35	34	39	40	45	18	14	40	45	38	35	30	15	28	42	35	34	14	39	35	40	31	34	24	37	45	48	39	14	32	28	38	18	34	24	44	44	39	35	42	38	37	25	15	30	41	44	24	39	34	36	14	28	43	33	32	37	40	14	40	37	34	37	18	25	35	41	42	18	27	30	20	34	35	26	43	34	41	29	28	25	24	45	43	23	27	29	38	23	35	42	15	39	39	38	37	36	33	45	39	47	28	29	41	44	45	33	34	35	40	33	34	29	41	24	14	42	45	19
45	24	11	37	11	41	35	34	35	47	18	31	36	35	32	45	46	45	35	37	40	37	38	35	30	55	36	28	24	18	46	23	29	34	28	29	25	34	27	42	35	36	29	32	33	37	44	18	38	40	34	34	42	33	27	31	35	40	34	29	27	24	34	31	40	18	14	43	26	43	36	40	35	34	37	55	44	40	36	15	37	43	34	31	39	45	34	39	24	42	39	47	34	44	14	41	34	41	34	44	14	32	25	47	31	25	37	35	39	42	26	25	35	39	37	24	28	36	39	37	36	11	44	47	27	46	15	55	23	36
