1	0	1	1
2	0	1	1
3	0	1	1
4	0	1	1
5	0	1	1
6	0	1	1
7	0	1	1
8	0	1	1
9	0	1	1
10	0	1	1
11	1	1	1
12	0	1	1
13	0	1	1
14	0	1	1
15	0	1	1
16	2	1	1
17	0	1	1
18	0	1	1
19	0	1	1
20	1	1	1
21	2	1	1
22	2	1	1
23	3	1	1
24	4	1	1
25	2	1	1
26	1	1	1
27	0	1	1
28	0	1	1
29	0	1	1
30	2	1	1
31	4	1	1
32	3	1	1
33	0	1	1
34	1	1	1
35	5	1	1
36	3	1	1
37	1	1	1
38	2	1	1
39	0	1	1
40	8	1	1
41	2	1	1
42	0	1	1
43	3	1	1
44	0	1	1
45	1	1	1
46	0	1	1
47	4	1	1
48	1	1	1
49	0	1	1
50	1	1	1
1	0	2	1
2	0	2	1
3	0	2	1
4	0	2	1
5	0	2	1
6	2	2	1
7	0	2	1
8	0	2	1
9	0	2	1
10	0	2	1
11	0	2	1
12	0	2	1
13	0	2	1
14	0	2	1
15	1	2	1
16	2	2	1
17	1	2	1
18	1	2	1
19	1	2	1
20	1	2	1
21	1	2	1
22	4	2	1
23	0	2	1
24	3	2	1
25	1	2	1
26	6	2	1
27	0	2	1
28	0	2	1
29	3	2	1
30	2	2	1
31	7	2	1
32	0	2	1
33	1	2	1
34	1	2	1
35	1	2	1
36	0	2	1
37	1	2	1
38	3	2	1
39	2	2	1
40	5	2	1
41	2	2	1
42	0	2	1
43	3	2	1
44	0	2	1
45	2	2	1
46	0	2	1
47	0	2	1
48	2	2	1
1	0	3	1
2	0	3	1
3	0	3	1
4	0	3	1
5	0	3	1
6	1	3	1
7	0	3	1
8	0	3	1
9	0	3	1
10	0	3	1
11	0	3	1
12	0	3	1
13	0	3	1
14	0	3	1
15	0	3	1
16	0	3	1
17	0	3	1
18	1	3	1
19	0	3	1
20	1	3	1
21	0	3	1
22	3	3	1
23	1	3	1
24	3	3	1
25	0	3	1
26	3	3	1
27	0	3	1
28	0	3	1
29	4	3	1
30	5	3	1
31	4	3	1
32	1	3	1
33	1	3	1
34	2	3	1
35	2	3	1
36	8	3	1
37	2	3	1
38	1	3	1
39	0	3	1
40	2	3	1
41	2	3	1
42	0	3	1
43	3	3	1
44	0	3	1
45	1	3	1
46	0	3	1
47	4	3	1
48	3	3	1
49	0	3	1
50	1	3	1
1	0	4	1
2	0	4	1
3	0	4	1
4	0	4	1
5	0	4	1
6	0	4	1
7	0	4	1
8	0	4	1
9	0	4	1
10	0	4	1
11	1	4	1
12	0	4	1
13	0	4	1
14	0	4	1
15	4	4	1
16	1	4	1
17	0	4	1
18	0	4	1
19	1	4	1
20	2	4	1
21	0	4	1
22	1	4	1
23	2	4	1
24	3	4	1
25	0	4	1
26	1	4	1
27	0	4	1
28	0	4	1
29	2	4	1
30	5	4	1
31	2	4	1
32	1	4	1
33	1	4	1
34	1	4	1
35	2	4	1
36	2	4	1
37	0	4	1
38	0	4	1
39	3	4	1
40	7	4	1
41	5	4	1
42	0	4	1
43	5	4	1
44	0	4	1
45	2	4	1
46	0	4	1
47	2	4	1
48	1	4	1
49	0	4	1
50	2	4	1
1	0	5	1
2	0	5	1
3	0	5	1
4	0	5	1
5	0	5	1
6	1	5	1
7	0	5	1
8	0	5	1
9	0	5	1
10	0	5	1
11	2	5	1
12	0	5	1
13	0	5	1
14	0	5	1
15	2	5	1
16	1	5	1
17	1	5	1
18	1	5	1
19	1	5	1
20	1	5	1
21	1	5	1
22	0	5	1
23	1	5	1
24	4	5	1
25	2	5	1
26	4	5	1
27	3	5	1
28	0	5	1
29	8	5	1
30	0	5	1
31	4	5	1
32	0	5	1
33	1	5	1
34	1	5	1
35	2	5	1
36	3	5	1
37	0	5	1
38	1	5	1
39	4	5	1
40	6	5	1
41	0	5	1
42	0	5	1
43	2	5	1
44	0	5	1
45	2	5	1
1	0	6	1
2	0	6	1
3	0	6	1
4	0	6	1
5	0	6	1
6	0	6	1
7	0	6	1
8	0	6	1
9	0	6	1
10	0	6	1
11	0	6	1
12	0	6	1
13	0	6	1
14	0	6	1
15	2	6	1
16	2	6	1
17	1	6	1
18	2	6	1
19	1	6	1
20	1	6	1
21	3	6	1
22	3	6	1
23	0	6	1
24	5	6	1
25	3	6	1
26	0	6	1
27	0	6	1
28	0	6	1
29	1	6	1
30	1	6	1
31	7	6	1
32	1	6	1
33	0	6	1
34	0	6	1
35	2	6	1
36	5	6	1
37	0	6	1
38	2	6	1
39	4	6	1
40	5	6	1
41	1	6	1
42	0	6	1
43	4	6	1
44	0	6	1
45	1	6	1
46	0	6	1
47	1	6	1
48	0	6	1
49	0	6	1
50	1	6	1
1	0	7	1
2	0	7	1
3	0	7	1
4	0	7	1
5	0	7	1
6	2	7	1
7	0	7	1
8	0	7	1
9	0	7	1
10	0	7	1
11	0	7	1
12	0	7	1
13	0	7	1
14	0	7	1
15	1	7	1
16	0	7	1
17	0	7	1
18	3	7	1
19	2	7	1
20	3	7	1
21	2	7	1
22	2	7	1
23	2	7	1
24	4	7	1
25	0	7	1
26	2	7	1
27	0	7	1
28	0	7	1
29	2	7	1
30	3	7	1
31	2	7	1
32	2	7	1
33	1	7	1
34	1	7	1
35	1	7	1
36	6	7	1
37	2	7	1
38	0	7	1
39	1	7	1
40	6	7	1
41	1	7	1
42	0	7	1
43	2	7	1
44	0	7	1
45	4	7	1
46	0	7	1
47	2	7	1
1	0	8	1
2	0	8	1
3	0	8	1
4	0	8	1
5	0	8	1
6	1	8	1
7	0	8	1
8	0	8	1
9	0	8	1
10	0	8	1
11	0	8	1
12	0	8	1
13	0	8	1
14	0	8	1
15	0	8	1
16	0	8	1
17	1	8	1
18	1	8	1
19	0	8	1
20	4	8	1
21	0	8	1
22	3	8	1
23	2	8	1
24	4	8	1
25	1	8	1
26	2	8	1
27	1	8	1
28	0	8	1
29	4	8	1
30	2	8	1
31	2	8	1
32	0	8	1
33	0	8	1
34	3	8	1
35	2	8	1
36	5	8	1
37	1	8	1
38	1	8	1
39	1	8	1
40	2	8	1
41	5	8	1
42	0	8	1
43	3	8	1
44	0	8	1
45	5	8	1
46	0	8	1
47	2	8	1
48	1	8	1
1	0	9	1
2	0	9	1
3	0	9	1
4	0	9	1
5	0	9	1
6	0	9	1
7	0	9	1
8	0	9	1
9	0	9	1
10	0	9	1
11	1	9	1
12	0	9	1
13	0	9	1
14	0	9	1
15	2	9	1
16	2	9	1
17	0	9	1
18	2	9	1
19	1	9	1
20	5	9	1
21	2	9	1
22	1	9	1
23	1	9	1
24	2	9	1
25	1	9	1
26	2	9	1
27	1	9	1
28	0	9	1
29	1	9	1
30	1	9	1
31	5	9	1
32	0	9	1
33	1	9	1
34	0	9	1
35	1	9	1
36	5	9	1
37	0	9	1
38	0	9	1
39	4	9	1
40	5	9	1
41	2	9	1
42	0	9	1
43	2	9	1
44	0	9	1
45	4	9	1
46	0	9	1
47	3	9	1
48	2	9	1
1	0	10	1
2	0	10	1
3	0	10	1
4	0	10	1
5	0	10	1
6	1	10	1
7	0	10	1
8	0	10	1
9	0	10	1
10	0	10	1
11	1	10	1
12	0	10	1
13	0	10	1
14	0	10	1
15	1	10	1
16	2	10	1
17	0	10	1
18	6	10	1
19	1	10	1
20	2	10	1
21	0	10	1
22	2	10	1
23	1	10	1
24	2	10	1
25	3	10	1
26	3	10	1
27	2	10	1
28	0	10	1
29	1	10	1
30	0	10	1
31	4	10	1
32	0	10	1
33	0	10	1
34	3	10	1
35	1	10	1
36	2	10	1
37	0	10	1
38	6	10	1
39	4	10	1
40	4	10	1
41	2	10	1
42	0	10	1
43	0	10	1
44	0	10	1
45	3	10	1
46	0	10	1
47	0	10	1
48	1	10	1
49	0	10	1
50	1	10	1
1	0	11	1
2	0	11	1
3	0	11	1
4	0	11	1
5	0	11	1
6	0	11	1
7	0	11	1
8	0	11	1
9	0	11	1
10	0	11	1
11	0	11	1
12	0	11	1
13	0	11	1
14	0	11	1
15	0	11	1
16	1	11	1
17	4	11	1
18	1	11	1
19	4	11	1
20	5	11	1
21	0	11	1
22	2	11	1
23	1	11	1
24	1	11	1
25	0	11	1
26	1	11	1
27	0	11	1
28	0	11	1
29	3	11	1
30	5	11	1
31	1	11	1
32	1	11	1
33	0	11	1
34	2	11	1
35	3	11	1
36	0	11	1
37	1	11	1
38	0	11	1
39	5	11	1
40	8	11	1
41	0	11	1
42	0	11	1
43	2	11	1
44	0	11	1
45	3	11	1
46	0	11	1
47	3	11	1
48	1	11	1
49	0	11	1
50	1	11	1
1	0	12	1
2	0	12	1
3	0	12	1
4	0	12	1
5	0	12	1
6	0	12	1
7	0	12	1
8	0	12	1
9	0	12	1
10	0	12	1
11	0	12	1
12	0	12	1
13	0	12	1
14	0	12	1
15	0	12	1
16	2	12	1
17	1	12	1
18	3	12	1
19	2	12	1
20	0	12	1
21	2	12	1
22	0	12	1
23	1	12	1
24	3	12	1
25	1	12	1
26	2	12	1
27	0	12	1
28	0	12	1
29	4	12	1
30	3	12	1
31	4	12	1
32	0	12	1
33	2	12	1
34	0	12	1
35	4	12	1
36	5	12	1
37	1	12	1
38	4	12	1
39	3	12	1
40	2	12	1
41	2	12	1
42	0	12	1
43	3	12	1
44	0	12	1
45	1	12	1
46	0	12	1
47	3	12	1
48	0	12	1
49	0	12	1
50	1	12	1
1	0	13	1
2	0	13	1
3	0	13	1
4	0	13	1
5	0	13	1
6	3	13	1
7	0	13	1
8	0	13	1
9	0	13	1
10	0	13	1
11	1	13	1
12	0	13	1
13	0	13	1
14	0	13	1
15	1	13	1
16	0	13	1
17	1	13	1
18	1	13	1
19	0	13	1
20	1	13	1
21	1	13	1
22	1	13	1
23	3	13	1
24	1	13	1
25	3	13	1
26	3	13	1
27	0	13	1
28	0	13	1
29	4	13	1
30	2	13	1
31	4	13	1
32	1	13	1
33	0	13	1
34	0	13	1
35	2	13	1
36	1	13	1
37	0	13	1
38	3	13	1
39	1	13	1
40	9	13	1
41	1	13	1
42	0	13	1
43	3	13	1
44	0	13	1
45	5	13	1
46	0	13	1
47	1	13	1
48	1	13	1
49	0	13	1
50	1	13	1
1	0	14	1
2	0	14	1
3	0	14	1
4	0	14	1
5	0	14	1
6	1	14	1
7	0	14	1
8	0	14	1
9	0	14	1
10	0	14	1
11	0	14	1
12	0	14	1
13	0	14	1
14	0	14	1
15	0	14	1
16	0	14	1
17	0	14	1
18	4	14	1
19	0	14	1
20	1	14	1
21	0	14	1
22	2	14	1
23	2	14	1
24	3	14	1
25	3	14	1
26	3	14	1
27	1	14	1
28	0	14	1
29	1	14	1
30	1	14	1
31	2	14	1
32	1	14	1
33	2	14	1
34	0	14	1
35	2	14	1
36	3	14	1
37	1	14	1
38	5	14	1
39	5	14	1
40	6	14	1
41	2	14	1
42	0	14	1
43	1	14	1
44	0	14	1
45	4	14	1
46	0	14	1
47	1	14	1
48	2	14	1
1	0	15	1
2	0	15	1
3	0	15	1
4	0	15	1
5	0	15	1
6	5	15	1
7	0	15	1
8	0	15	1
9	0	15	1
10	0	15	1
11	1	15	1
12	0	15	1
13	0	15	1
14	0	15	1
15	1	15	1
16	2	15	1
17	1	15	1
18	0	15	1
19	0	15	1
20	1	15	1
21	1	15	1
22	3	15	1
23	1	15	1
24	3	15	1
25	0	15	1
26	1	15	1
27	1	15	1
28	0	15	1
29	2	15	1
30	8	15	1
31	4	15	1
32	1	15	1
33	0	15	1
34	0	15	1
35	5	15	1
36	3	15	1
37	0	15	1
38	0	15	1
39	1	15	1
40	7	15	1
41	0	15	1
42	0	15	1
43	3	15	1
44	0	15	1
45	1	15	1
46	0	15	1
47	2	15	1
48	1	15	1
1	0	16	1
2	0	16	1
3	0	16	1
4	0	16	1
5	0	16	1
6	2	16	1
7	0	16	1
8	0	16	1
9	0	16	1
10	0	16	1
11	1	16	1
12	0	16	1
13	0	16	1
14	0	16	1
15	0	16	1
16	3	16	1
17	3	16	1
18	2	16	1
19	0	16	1
20	3	16	1
21	0	16	1
22	3	16	1
23	1	16	1
24	1	16	1
25	1	16	1
26	2	16	1
27	2	16	1
28	0	16	1
29	4	16	1
30	4	16	1
31	2	16	1
32	1	16	1
33	1	16	1
34	0	16	1
35	2	16	1
36	6	16	1
37	1	16	1
38	1	16	1
39	0	16	1
40	2	16	1
41	3	16	1
42	0	16	1
43	2	16	1
44	0	16	1
45	4	16	1
46	0	16	1
47	1	16	1
48	1	16	1
1	0	17	1
2	0	17	1
3	0	17	1
4	0	17	1
5	0	17	1
6	0	17	1
7	0	17	1
8	0	17	1
9	0	17	1
10	0	17	1
11	0	17	1
12	0	17	1
13	0	17	1
14	0	17	1
15	1	17	1
16	2	17	1
17	0	17	1
18	1	17	1
19	0	17	1
20	1	17	1
21	4	17	1
22	1	17	1
23	0	17	1
24	5	17	1
25	1	17	1
26	1	17	1
27	0	17	1
28	0	17	1
29	0	17	1
30	2	17	1
31	4	17	1
32	1	17	1
33	1	17	1
34	1	17	1
35	3	17	1
36	5	17	1
37	1	17	1
38	1	17	1
39	2	17	1
40	5	17	1
41	4	17	1
42	0	17	1
43	2	17	1
44	0	17	1
45	2	17	1
46	0	17	1
47	3	17	1
48	2	17	1
49	0	17	1
50	3	17	1
1	0	18	1
2	0	18	1
3	0	18	1
4	0	18	1
5	0	18	1
6	2	18	1
7	0	18	1
8	0	18	1
9	0	18	1
10	0	18	1
11	1	18	1
12	0	18	1
13	0	18	1
14	0	18	1
15	3	18	1
16	2	18	1
17	0	18	1
18	4	18	1
19	2	18	1
20	0	18	1
21	0	18	1
22	4	18	1
23	1	18	1
24	1	18	1
25	0	18	1
26	3	18	1
27	1	18	1
28	0	18	1
29	2	18	1
30	3	18	1
31	3	18	1
32	0	18	1
33	1	18	1
34	3	18	1
35	3	18	1
36	2	18	1
37	1	18	1
38	1	18	1
39	0	18	1
40	5	18	1
41	3	18	1
42	0	18	1
43	1	18	1
44	0	18	1
45	5	18	1
46	0	18	1
47	2	18	1
1	0	19	1
2	0	19	1
3	0	19	1
4	0	19	1
5	0	19	1
6	0	19	1
7	0	19	1
8	0	19	1
9	0	19	1
10	0	19	1
11	1	19	1
12	0	19	1
13	0	19	1
14	0	19	1
15	1	19	1
16	0	19	1
17	0	19	1
18	1	19	1
19	0	19	1
20	2	19	1
21	2	19	1
22	4	19	1
23	1	19	1
24	4	19	1
25	1	19	1
26	1	19	1
27	1	19	1
28	0	19	1
29	2	19	1
30	1	19	1
31	1	19	1
32	1	19	1
33	0	19	1
34	1	19	1
35	0	19	1
36	3	19	1
37	2	19	1
38	2	19	1
39	3	19	1
40	11	19	1
41	2	19	1
42	0	19	1
43	7	19	1
44	0	19	1
45	1	19	1
46	0	19	1
47	0	19	1
48	0	19	1
49	0	19	1
50	3	19	1
1	0	20	1
2	0	20	1
3	0	20	1
4	0	20	1
5	0	20	1
6	1	20	1
7	0	20	1
8	0	20	1
9	0	20	1
10	0	20	1
11	1	20	1
12	0	20	1
13	0	20	1
14	0	20	1
15	2	20	1
16	1	20	1
17	0	20	1
18	2	20	1
19	0	20	1
20	2	20	1
21	0	20	1
22	1	20	1
23	0	20	1
24	8	20	1
25	0	20	1
26	1	20	1
27	2	20	1
28	0	20	1
29	2	20	1
30	4	20	1
31	4	20	1
32	1	20	1
33	1	20	1
34	0	20	1
35	5	20	1
36	0	20	1
37	1	20	1
38	1	20	1
39	3	20	1
40	8	20	1
41	1	20	1
42	0	20	1
43	2	20	1
44	0	20	1
45	3	20	1
46	0	20	1
47	2	20	1
1	0	21	1
2	0	21	1
3	0	21	1
4	0	21	1
5	0	21	1
6	0	21	1
7	0	21	1
8	0	21	1
9	0	21	1
10	0	21	1
11	2	21	1
12	0	21	1
13	0	21	1
14	0	21	1
15	2	21	1
16	1	21	1
17	1	21	1
18	6	21	1
19	0	21	1
20	4	21	1
21	1	21	1
22	0	21	1
23	0	21	1
24	4	21	1
25	1	21	1
26	1	21	1
27	0	21	1
28	0	21	1
29	2	21	1
30	3	21	1
31	6	21	1
32	2	21	1
33	1	21	1
34	0	21	1
35	0	21	1
36	6	21	1
37	0	21	1
38	0	21	1
39	0	21	1
40	7	21	1
41	1	21	1
42	0	21	1
43	2	21	1
44	0	21	1
45	3	21	1
46	0	21	1
47	0	21	1
48	2	21	1
49	0	21	1
50	1	21	1
1	0	22	1
2	0	22	1
3	0	22	1
4	0	22	1
5	0	22	1
6	1	22	1
7	0	22	1
8	0	22	1
9	0	22	1
10	0	22	1
11	0	22	1
12	0	22	1
13	0	22	1
14	0	22	1
15	0	22	1
16	1	22	1
17	0	22	1
18	2	22	1
19	2	22	1
20	0	22	1
21	1	22	1
22	3	22	1
23	3	22	1
24	3	22	1
25	1	22	1
26	0	22	1
27	2	22	1
28	0	22	1
29	2	22	1
30	2	22	1
31	3	22	1
32	2	22	1
33	0	22	1
34	2	22	1
35	1	22	1
36	3	22	1
37	1	22	1
38	1	22	1
39	2	22	1
40	8	22	1
41	2	22	1
42	0	22	1
43	4	22	1
44	0	22	1
45	1	22	1
46	0	22	1
47	2	22	1
48	2	22	1
49	0	22	1
50	2	22	1
1	0	23	1
2	0	23	1
3	0	23	1
4	0	23	1
5	0	23	1
6	1	23	1
7	0	23	1
8	0	23	1
9	0	23	1
10	0	23	1
11	0	23	1
12	0	23	1
13	0	23	1
14	0	23	1
15	1	23	1
16	0	23	1
17	2	23	1
18	4	23	1
19	2	23	1
20	3	23	1
21	2	23	1
22	0	23	1
23	1	23	1
24	5	23	1
25	1	23	1
26	2	23	1
27	1	23	1
28	0	23	1
29	5	23	1
30	2	23	1
31	2	23	1
32	1	23	1
33	1	23	1
34	1	23	1
35	1	23	1
36	4	23	1
37	0	23	1
38	2	23	1
39	1	23	1
40	3	23	1
41	3	23	1
42	0	23	1
43	2	23	1
44	0	23	1
45	3	23	1
46	0	23	1
47	2	23	1
48	1	23	1
1	0	24	1
2	0	24	1
3	0	24	1
4	0	24	1
5	0	24	1
6	0	24	1
7	0	24	1
8	0	24	1
9	0	24	1
10	0	24	1
11	4	24	1
12	0	24	1
13	0	24	1
14	0	24	1
15	1	24	1
16	0	24	1
17	3	24	1
18	1	24	1
19	2	24	1
20	2	24	1
21	1	24	1
22	2	24	1
23	0	24	1
24	1	24	1
25	0	24	1
26	4	24	1
27	1	24	1
28	0	24	1
29	1	24	1
30	3	24	1
31	2	24	1
32	0	24	1
33	3	24	1
34	1	24	1
35	2	24	1
36	2	24	1
37	0	24	1
38	1	24	1
39	1	24	1
40	8	24	1
41	0	24	1
42	0	24	1
43	6	24	1
44	0	24	1
45	3	24	1
46	0	24	1
47	3	24	1
48	1	24	1
1	0	25	1
2	0	25	1
3	0	25	1
4	0	25	1
5	0	25	1
6	0	25	1
7	0	25	1
8	0	25	1
9	0	25	1
10	0	25	1
11	1	25	1
12	0	25	1
13	0	25	1
14	0	25	1
15	2	25	1
16	2	25	1
17	0	25	1
18	2	25	1
19	1	25	1
20	4	25	1
21	2	25	1
22	3	25	1
23	1	25	1
24	0	25	1
25	0	25	1
26	1	25	1
27	0	25	1
28	0	25	1
29	4	25	1
30	0	25	1
31	2	25	1
32	1	25	1
33	1	25	1
34	2	25	1
35	1	25	1
36	2	25	1
37	0	25	1
38	3	25	1
39	0	25	1
40	8	25	1
41	2	25	1
42	0	25	1
43	3	25	1
44	0	25	1
45	7	25	1
46	0	25	1
47	1	25	1
48	0	25	1
49	0	25	1
50	3	25	1
1	0	26	1
2	0	26	1
3	0	26	1
4	0	26	1
5	0	26	1
6	0	26	1
7	0	26	1
8	0	26	1
9	0	26	1
10	0	26	1
11	2	26	1
12	0	26	1
13	0	26	1
14	0	26	1
15	0	26	1
16	2	26	1
17	1	26	1
18	0	26	1
19	2	26	1
20	3	26	1
21	0	26	1
22	2	26	1
23	2	26	1
24	6	26	1
25	2	26	1
26	1	26	1
27	1	26	1
28	0	26	1
29	3	26	1
30	2	26	1
31	3	26	1
32	1	26	1
33	0	26	1
34	0	26	1
35	2	26	1
36	5	26	1
37	0	26	1
38	2	26	1
39	1	26	1
40	5	26	1
41	1	26	1
42	0	26	1
43	3	26	1
44	0	26	1
45	5	26	1
46	0	26	1
47	1	26	1
48	1	26	1
1	0	27	1
2	0	27	1
3	0	27	1
4	0	27	1
5	0	27	1
6	2	27	1
7	0	27	1
8	0	27	1
9	0	27	1
10	0	27	1
11	2	27	1
12	0	27	1
13	0	27	1
14	0	27	1
15	0	27	1
16	0	27	1
17	1	27	1
18	1	27	1
19	2	27	1
20	2	27	1
21	0	27	1
22	2	27	1
23	1	27	1
24	0	27	1
25	5	27	1
26	0	27	1
27	1	27	1
28	0	27	1
29	3	27	1
30	2	27	1
31	5	27	1
32	2	27	1
33	3	27	1
34	0	27	1
35	0	27	1
36	4	27	1
37	0	27	1
38	1	27	1
39	3	27	1
40	5	27	1
41	1	27	1
42	0	27	1
43	3	27	1
44	0	27	1
45	3	27	1
46	0	27	1
47	1	27	1
48	2	27	1
49	0	27	1
50	2	27	1
1	0	28	1
2	0	28	1
3	0	28	1
4	0	28	1
5	0	28	1
6	0	28	1
7	0	28	1
8	0	28	1
9	0	28	1
10	0	28	1
11	0	28	1
12	0	28	1
13	0	28	1
14	0	28	1
15	2	28	1
16	2	28	1
17	1	28	1
18	3	28	1
19	2	28	1
20	2	28	1
21	1	28	1
22	3	28	1
23	0	28	1
24	1	28	1
25	2	28	1
26	4	28	1
27	3	28	1
28	0	28	1
29	4	28	1
30	0	28	1
31	1	28	1
32	1	28	1
33	1	28	1
34	1	28	1
35	1	28	1
36	4	28	1
37	1	28	1
38	0	28	1
39	1	28	1
40	4	28	1
41	3	28	1
42	0	28	1
43	4	28	1
44	0	28	1
45	0	28	1
46	0	28	1
47	4	28	1
48	2	28	1
49	0	28	1
50	1	28	1
1	0	29	1
2	0	29	1
3	0	29	1
4	0	29	1
5	0	29	1
6	0	29	1
7	0	29	1
8	0	29	1
9	0	29	1
10	0	29	1
11	1	29	1
12	0	29	1
13	0	29	1
14	0	29	1
15	0	29	1
16	1	29	1
17	4	29	1
18	2	29	1
19	3	29	1
20	2	29	1
21	3	29	1
22	3	29	1
23	1	29	1
24	2	29	1
25	1	29	1
26	3	29	1
27	3	29	1
28	0	29	1
29	0	29	1
30	2	29	1
31	0	29	1
32	0	29	1
33	2	29	1
34	1	29	1
35	2	29	1
36	1	29	1
37	2	29	1
38	1	29	1
39	2	29	1
40	6	29	1
41	2	29	1
42	0	29	1
43	3	29	1
44	0	29	1
45	3	29	1
46	0	29	1
47	2	29	1
48	0	29	1
49	0	29	1
50	1	29	1
1	0	30	1
2	0	30	1
3	0	30	1
4	0	30	1
5	0	30	1
6	1	30	1
7	0	30	1
8	0	30	1
9	0	30	1
10	0	30	1
11	0	30	1
12	0	30	1
13	0	30	1
14	0	30	1
15	2	30	1
16	1	30	1
17	0	30	1
18	1	30	1
19	0	30	1
20	2	30	1
21	0	30	1
22	1	30	1
23	1	30	1
24	3	30	1
25	1	30	1
26	2	30	1
27	0	30	1
28	0	30	1
29	5	30	1
30	2	30	1
31	1	30	1
32	1	30	1
33	4	30	1
34	0	30	1
35	4	30	1
36	3	30	1
37	0	30	1
38	2	30	1
39	4	30	1
40	7	30	1
41	2	30	1
42	0	30	1
43	3	30	1
44	0	30	1
45	1	30	1
46	0	30	1
47	2	30	1
48	2	30	1
49	0	30	1
50	1	30	1
1	0	31	1
2	0	31	1
3	0	31	1
4	0	31	1
5	0	31	1
6	0	31	1
7	0	31	1
8	0	31	1
9	0	31	1
10	0	31	1
11	1	31	1
12	0	31	1
13	0	31	1
14	0	31	1
15	1	31	1
16	0	31	1
17	2	31	1
18	1	31	1
19	2	31	1
20	1	31	1
21	1	31	1
22	3	31	1
23	2	31	1
24	3	31	1
25	3	31	1
26	3	31	1
27	2	31	1
28	0	31	1
29	2	31	1
30	1	31	1
31	3	31	1
32	0	31	1
33	1	31	1
34	1	31	1
35	4	31	1
36	2	31	1
37	2	31	1
38	2	31	1
39	0	31	1
40	7	31	1
41	3	31	1
42	0	31	1
43	2	31	1
44	0	31	1
45	0	31	1
46	0	31	1
47	2	31	1
48	1	31	1
49	0	31	1
50	1	31	1
1	0	32	1
2	0	32	1
3	0	32	1
4	0	32	1
5	0	32	1
6	1	32	1
7	0	32	1
8	0	32	1
9	0	32	1
10	0	32	1
11	0	32	1
12	0	32	1
13	0	32	1
14	0	32	1
15	1	32	1
16	1	32	1
17	0	32	1
18	1	32	1
19	3	32	1
20	2	32	1
21	0	32	1
22	4	32	1
23	1	32	1
24	1	32	1
25	3	32	1
26	0	32	1
27	1	32	1
28	0	32	1
29	6	32	1
30	4	32	1
31	3	32	1
32	0	32	1
33	0	32	1
34	0	32	1
35	2	32	1
36	4	32	1
37	0	32	1
38	3	32	1
39	2	32	1
40	4	32	1
41	2	32	1
42	0	32	1
43	1	32	1
44	0	32	1
45	5	32	1
46	0	32	1
47	0	32	1
48	2	32	1
49	0	32	1
50	2	32	1
1	0	33	1
2	0	33	1
3	0	33	1
4	0	33	1
5	0	33	1
6	0	33	1
7	0	33	1
8	0	33	1
9	0	33	1
10	0	33	1
11	1	33	1
12	0	33	1
13	0	33	1
14	0	33	1
15	2	33	1
16	1	33	1
17	2	33	1
18	2	33	1
19	0	33	1
20	1	33	1
21	0	33	1
22	1	33	1
23	3	33	1
24	2	33	1
25	0	33	1
26	3	33	1
27	2	33	1
28	0	33	1
29	1	33	1
30	2	33	1
31	4	33	1
32	0	33	1
33	2	33	1
34	1	33	1
35	2	33	1
36	5	33	1
37	0	33	1
38	0	33	1
39	2	33	1
40	5	33	1
41	2	33	1
42	0	33	1
43	9	33	1
44	0	33	1
45	1	33	1
46	0	33	1
47	1	33	1
48	0	33	1
49	0	33	1
50	2	33	1
1	0	34	1
2	0	34	1
3	0	34	1
4	0	34	1
5	0	34	1
6	1	34	1
7	0	34	1
8	0	34	1
9	0	34	1
10	0	34	1
11	1	34	1
12	0	34	1
13	0	34	1
14	0	34	1
15	0	34	1
16	2	34	1
17	0	34	1
18	2	34	1
19	2	34	1
20	5	34	1
21	0	34	1
22	2	34	1
23	1	34	1
24	1	34	1
25	3	34	1
26	2	34	1
27	1	34	1
28	0	34	1
29	3	34	1
30	1	34	1
31	2	34	1
32	1	34	1
33	2	34	1
34	0	34	1
35	2	34	1
36	2	34	1
37	1	34	1
38	1	34	1
39	1	34	1
40	3	34	1
41	4	34	1
42	0	34	1
43	6	34	1
44	0	34	1
45	1	34	1
46	0	34	1
47	2	34	1
48	4	34	1
1	0	35	1
2	0	35	1
3	0	35	1
4	0	35	1
5	0	35	1
6	3	35	1
7	0	35	1
8	0	35	1
9	0	35	1
10	0	35	1
11	0	35	1
12	0	35	1
13	0	35	1
14	0	35	1
15	1	35	1
16	0	35	1
17	2	35	1
18	1	35	1
19	1	35	1
20	2	35	1
21	0	35	1
22	1	35	1
23	1	35	1
24	3	35	1
25	1	35	1
26	3	35	1
27	2	35	1
28	0	35	1
29	9	35	1
30	3	35	1
31	1	35	1
32	0	35	1
33	0	35	1
34	0	35	1
35	1	35	1
36	1	35	1
37	2	35	1
38	1	35	1
39	5	35	1
40	7	35	1
41	0	35	1
42	0	35	1
43	2	35	1
44	0	35	1
45	2	35	1
46	0	35	1
47	3	35	1
48	1	35	1
1	0	36	1
2	0	36	1
3	0	36	1
4	0	36	1
5	0	36	1
6	1	36	1
7	0	36	1
8	0	36	1
9	0	36	1
10	0	36	1
11	2	36	1
12	0	36	1
13	0	36	1
14	0	36	1
15	1	36	1
16	1	36	1
17	0	36	1
18	2	36	1
19	1	36	1
20	0	36	1
21	0	36	1
22	2	36	1
23	0	36	1
24	4	36	1
25	1	36	1
26	3	36	1
27	1	36	1
28	0	36	1
29	4	36	1
30	1	36	1
31	4	36	1
32	1	36	1
33	1	36	1
34	1	36	1
35	2	36	1
36	2	36	1
37	0	36	1
38	0	36	1
39	3	36	1
40	3	36	1
41	4	36	1
42	0	36	1
43	3	36	1
44	0	36	1
45	5	36	1
46	0	36	1
47	2	36	1
48	3	36	1
49	0	36	1
50	1	36	1
1	0	37	1
2	0	37	1
3	0	37	1
4	0	37	1
5	0	37	1
6	1	37	1
7	0	37	1
8	0	37	1
9	0	37	1
10	0	37	1
11	0	37	1
12	0	37	1
13	0	37	1
14	0	37	1
15	0	37	1
16	0	37	1
17	2	37	1
18	2	37	1
19	0	37	1
20	3	37	1
21	0	37	1
22	3	37	1
23	1	37	1
24	2	37	1
25	1	37	1
26	3	37	1
27	0	37	1
28	0	37	1
29	4	37	1
30	3	37	1
31	7	37	1
32	0	37	1
33	1	37	1
34	0	37	1
35	1	37	1
36	3	37	1
37	1	37	1
38	3	37	1
39	2	37	1
40	5	37	1
41	0	37	1
42	0	37	1
43	4	37	1
44	0	37	1
45	3	37	1
46	0	37	1
47	1	37	1
48	2	37	1
49	0	37	1
50	1	37	1
1	0	38	1
2	0	38	1
3	0	38	1
4	0	38	1
5	0	38	1
6	1	38	1
7	0	38	1
8	0	38	1
9	0	38	1
10	0	38	1
11	0	38	1
12	0	38	1
13	0	38	1
14	0	38	1
15	1	38	1
16	1	38	1
17	0	38	1
18	1	38	1
19	2	38	1
20	0	38	1
21	3	38	1
22	4	38	1
23	1	38	1
24	3	38	1
25	1	38	1
26	4	38	1
27	1	38	1
28	0	38	1
29	1	38	1
30	1	38	1
31	6	38	1
32	1	38	1
33	2	38	1
34	1	38	1
35	5	38	1
36	2	38	1
37	0	38	1
38	0	38	1
39	1	38	1
40	4	38	1
41	1	38	1
42	0	38	1
43	3	38	1
44	0	38	1
45	0	38	1
46	0	38	1
47	5	38	1
48	2	38	1
49	0	38	1
50	1	38	1
1	0	39	1
2	0	39	1
3	0	39	1
4	0	39	1
5	0	39	1
6	4	39	1
7	0	39	1
8	0	39	1
9	0	39	1
10	0	39	1
11	1	39	1
12	0	39	1
13	0	39	1
14	0	39	1
15	0	39	1
16	0	39	1
17	0	39	1
18	3	39	1
19	2	39	1
20	3	39	1
21	2	39	1
22	1	39	1
23	1	39	1
24	1	39	1
25	0	39	1
26	3	39	1
27	0	39	1
28	0	39	1
29	4	39	1
30	4	39	1
31	2	39	1
32	2	39	1
33	2	39	1
34	0	39	1
35	3	39	1
36	2	39	1
37	1	39	1
38	3	39	1
39	0	39	1
40	5	39	1
41	2	39	1
42	0	39	1
43	1	39	1
44	0	39	1
45	5	39	1
46	0	39	1
47	0	39	1
48	0	39	1
49	0	39	1
50	2	39	1
1	0	40	1
2	0	40	1
3	0	40	1
4	0	40	1
5	0	40	1
6	1	40	1
7	0	40	1
8	0	40	1
9	0	40	1
10	0	40	1
11	0	40	1
12	0	40	1
13	0	40	1
14	0	40	1
15	0	40	1
16	1	40	1
17	0	40	1
18	1	40	1
19	0	40	1
20	2	40	1
21	0	40	1
22	2	40	1
23	1	40	1
24	4	40	1
25	0	40	1
26	3	40	1
27	1	40	1
28	0	40	1
29	2	40	1
30	2	40	1
31	4	40	1
32	0	40	1
33	3	40	1
34	0	40	1
35	1	40	1
36	3	40	1
37	0	40	1
38	1	40	1
39	1	40	1
40	13	40	1
41	0	40	1
42	0	40	1
43	1	40	1
44	0	40	1
45	5	40	1
46	0	40	1
47	5	40	1
48	1	40	1
49	0	40	1
50	1	40	1
1	0	41	1
2	0	41	1
3	0	41	1
4	0	41	1
5	0	41	1
6	1	41	1
7	0	41	1
8	0	41	1
9	0	41	1
10	0	41	1
11	0	41	1
12	0	41	1
13	0	41	1
14	0	41	1
15	0	41	1
16	0	41	1
17	2	41	1
18	0	41	1
19	0	41	1
20	1	41	1
21	2	41	1
22	3	41	1
23	0	41	1
24	1	41	1
25	1	41	1
26	6	41	1
27	1	41	1
28	0	41	1
29	3	41	1
30	2	41	1
31	2	41	1
32	2	41	1
33	1	41	1
34	3	41	1
35	3	41	1
36	2	41	1
37	2	41	1
38	0	41	1
39	3	41	1
40	6	41	1
41	2	41	1
42	0	41	1
43	2	41	1
44	0	41	1
45	4	41	1
46	0	41	1
47	2	41	1
48	2	41	1
1	0	42	1
2	0	42	1
3	0	42	1
4	0	42	1
5	0	42	1
6	0	42	1
7	0	42	1
8	0	42	1
9	0	42	1
10	0	42	1
11	0	42	1
12	0	42	1
13	0	42	1
14	0	42	1
15	0	42	1
16	0	42	1
17	1	42	1
18	2	42	1
19	1	42	1
20	1	42	1
21	1	42	1
22	1	42	1
23	3	42	1
24	7	42	1
25	1	42	1
26	2	42	1
27	1	42	1
28	0	42	1
29	4	42	1
30	1	42	1
31	3	42	1
32	1	42	1
33	2	42	1
34	3	42	1
35	2	42	1
36	0	42	1
37	1	42	1
38	0	42	1
39	0	42	1
40	5	42	1
41	2	42	1
42	0	42	1
43	4	42	1
44	0	42	1
45	2	42	1
46	0	42	1
47	3	42	1
48	2	42	1
49	0	42	1
50	3	42	1
1	0	43	1
2	0	43	1
3	0	43	1
4	0	43	1
5	0	43	1
6	1	43	1
7	0	43	1
8	0	43	1
9	0	43	1
10	0	43	1
11	2	43	1
12	0	43	1
13	0	43	1
14	0	43	1
15	1	43	1
16	1	43	1
17	2	43	1
18	3	43	1
19	2	43	1
20	2	43	1
21	0	43	1
22	4	43	1
23	0	43	1
24	2	43	1
25	1	43	1
26	0	43	1
27	1	43	1
28	0	43	1
29	4	43	1
30	1	43	1
31	4	43	1
32	1	43	1
33	0	43	1
34	0	43	1
35	1	43	1
36	2	43	1
37	2	43	1
38	5	43	1
39	2	43	1
40	8	43	1
41	0	43	1
42	0	43	1
43	2	43	1
44	0	43	1
45	1	43	1
46	0	43	1
47	1	43	1
48	1	43	1
49	0	43	1
50	2	43	1
1	0	44	1
2	0	44	1
3	0	44	1
4	0	44	1
5	0	44	1
6	1	44	1
7	0	44	1
8	0	44	1
9	0	44	1
10	0	44	1
11	1	44	1
12	0	44	1
13	0	44	1
14	0	44	1
15	1	44	1
16	2	44	1
17	1	44	1
18	3	44	1
19	2	44	1
20	1	44	1
21	1	44	1
22	1	44	1
23	2	44	1
24	0	44	1
25	2	44	1
26	1	44	1
27	0	44	1
28	0	44	1
29	1	44	1
30	7	44	1
31	2	44	1
32	1	44	1
33	1	44	1
34	0	44	1
35	1	44	1
36	5	44	1
37	1	44	1
38	2	44	1
39	1	44	1
40	6	44	1
41	1	44	1
42	0	44	1
43	2	44	1
44	0	44	1
45	3	44	1
46	0	44	1
47	3	44	1
48	1	44	1
49	0	44	1
50	2	44	1
1	0	45	1
2	0	45	1
3	0	45	1
4	0	45	1
5	0	45	1
6	0	45	1
7	0	45	1
8	0	45	1
9	0	45	1
10	0	45	1
11	1	45	1
12	0	45	1
13	0	45	1
14	0	45	1
15	2	45	1
16	1	45	1
17	0	45	1
18	1	45	1
19	0	45	1
20	4	45	1
21	2	45	1
22	1	45	1
23	2	45	1
24	5	45	1
25	1	45	1
26	1	45	1
27	2	45	1
28	0	45	1
29	2	45	1
30	3	45	1
31	3	45	1
32	2	45	1
33	1	45	1
34	0	45	1
35	2	45	1
36	4	45	1
37	0	45	1
38	0	45	1
39	2	45	1
40	5	45	1
41	4	45	1
42	0	45	1
43	2	45	1
44	0	45	1
45	1	45	1
46	0	45	1
47	1	45	1
48	2	45	1
49	0	45	1
50	2	45	1
1	0	46	1
2	0	46	1
3	0	46	1
4	0	46	1
5	0	46	1
6	2	46	1
7	0	46	1
8	0	46	1
9	0	46	1
10	0	46	1
11	0	46	1
12	0	46	1
13	0	46	1
14	0	46	1
15	1	46	1
16	0	46	1
17	0	46	1
18	1	46	1
19	0	46	1
20	4	46	1
21	1	46	1
22	0	46	1
23	2	46	1
24	3	46	1
25	2	46	1
26	1	46	1
27	1	46	1
28	0	46	1
29	1	46	1
30	0	46	1
31	4	46	1
32	1	46	1
33	0	46	1
34	1	46	1
35	1	46	1
36	3	46	1
37	1	46	1
38	4	46	1
39	4	46	1
40	8	46	1
41	2	46	1
42	0	46	1
43	3	46	1
44	0	46	1
45	4	46	1
46	0	46	1
47	3	46	1
48	0	46	1
49	0	46	1
50	1	46	1
1	0	47	1
2	0	47	1
3	0	47	1
4	0	47	1
5	0	47	1
6	0	47	1
7	0	47	1
8	0	47	1
9	0	47	1
10	0	47	1
11	1	47	1
12	0	47	1
13	0	47	1
14	0	47	1
15	2	47	1
16	1	47	1
17	1	47	1
18	0	47	1
19	1	47	1
20	3	47	1
21	0	47	1
22	0	47	1
23	1	47	1
24	2	47	1
25	0	47	1
26	3	47	1
27	1	47	1
28	0	47	1
29	3	47	1
30	3	47	1
31	1	47	1
32	0	47	1
33	2	47	1
34	0	47	1
35	2	47	1
36	4	47	1
37	5	47	1
38	1	47	1
39	3	47	1
40	10	47	1
41	0	47	1
42	0	47	1
43	3	47	1
44	0	47	1
45	4	47	1
46	0	47	1
47	0	47	1
48	2	47	1
1	0	48	1
2	0	48	1
3	0	48	1
4	0	48	1
5	0	48	1
6	3	48	1
7	0	48	1
8	0	48	1
9	0	48	1
10	0	48	1
11	2	48	1
12	0	48	1
13	0	48	1
14	0	48	1
15	1	48	1
16	0	48	1
17	2	48	1
18	3	48	1
19	1	48	1
20	1	48	1
21	0	48	1
22	3	48	1
23	3	48	1
24	1	48	1
25	2	48	1
26	3	48	1
27	0	48	1
28	0	48	1
29	2	48	1
30	4	48	1
31	1	48	1
32	0	48	1
33	0	48	1
34	0	48	1
35	1	48	1
36	3	48	1
37	4	48	1
38	2	48	1
39	3	48	1
40	4	48	1
41	2	48	1
42	0	48	1
43	4	48	1
44	0	48	1
45	2	48	1
46	0	48	1
47	1	48	1
48	1	48	1
1	0	49	1
2	0	49	1
3	0	49	1
4	0	49	1
5	0	49	1
6	3	49	1
7	0	49	1
8	0	49	1
9	0	49	1
10	0	49	1
11	0	49	1
12	0	49	1
13	0	49	1
14	0	49	1
15	1	49	1
16	1	49	1
17	0	49	1
18	3	49	1
19	0	49	1
20	0	49	1
21	0	49	1
22	0	49	1
23	1	49	1
24	4	49	1
25	1	49	1
26	0	49	1
27	2	49	1
28	0	49	1
29	6	49	1
30	1	49	1
31	4	49	1
32	1	49	1
33	0	49	1
34	3	49	1
35	2	49	1
36	1	49	1
37	0	49	1
38	5	49	1
39	1	49	1
40	9	49	1
41	2	49	1
42	0	49	1
43	2	49	1
44	0	49	1
45	2	49	1
46	0	49	1
47	2	49	1
48	2	49	1
1	0	50	1
2	0	50	1
3	0	50	1
4	0	50	1
5	0	50	1
6	1	50	1
7	0	50	1
8	0	50	1
9	0	50	1
10	0	50	1
11	0	50	1
12	0	50	1
13	0	50	1
14	0	50	1
15	2	50	1
16	0	50	1
17	0	50	1
18	1	50	1
19	1	50	1
20	2	50	1
21	0	50	1
22	3	50	1
23	2	50	1
24	2	50	1
25	2	50	1
26	0	50	1
27	1	50	1
28	0	50	1
29	2	50	1
30	2	50	1
31	4	50	1
32	0	50	1
33	0	50	1
34	5	50	1
35	2	50	1
36	4	50	1
37	1	50	1
38	2	50	1
39	2	50	1
40	8	50	1
41	1	50	1
42	0	50	1
43	2	50	1
44	0	50	1
45	6	50	1
46	0	50	1
47	0	50	1
48	0	50	1
49	0	50	1
50	1	50	1
1	0	51	1
2	0	51	1
3	0	51	1
4	0	51	1
5	0	51	1
6	0	51	1
7	0	51	1
8	0	51	1
9	0	51	1
10	0	51	1
11	2	51	1
12	0	51	1
13	0	51	1
14	0	51	1
15	1	51	1
16	0	51	1
17	0	51	1
18	1	51	1
19	2	51	1
20	2	51	1
21	1	51	1
22	2	51	1
23	2	51	1
24	3	51	1
25	3	51	1
26	3	51	1
27	0	51	1
28	0	51	1
29	4	51	1
30	2	51	1
31	1	51	1
32	1	51	1
33	1	51	1
34	1	51	1
35	1	51	1
36	2	51	1
37	2	51	1
38	3	51	1
39	2	51	1
40	6	51	1
41	1	51	1
42	0	51	1
43	5	51	1
44	0	51	1
45	4	51	1
46	0	51	1
47	0	51	1
48	1	51	1
1	0	52	1
2	0	52	1
3	0	52	1
4	0	52	1
5	0	52	1
6	1	52	1
7	0	52	1
8	0	52	1
9	0	52	1
10	0	52	1
11	2	52	1
12	0	52	1
13	0	52	1
14	0	52	1
15	0	52	1
16	1	52	1
17	0	52	1
18	1	52	1
19	1	52	1
20	3	52	1
21	0	52	1
22	4	52	1
23	0	52	1
24	0	52	1
25	1	52	1
26	2	52	1
27	0	52	1
28	0	52	1
29	1	52	1
30	0	52	1
31	5	52	1
32	3	52	1
33	0	52	1
34	1	52	1
35	3	52	1
36	4	52	1
37	1	52	1
38	4	52	1
39	2	52	1
40	6	52	1
41	1	52	1
42	0	52	1
43	3	52	1
44	0	52	1
45	2	52	1
46	0	52	1
47	3	52	1
48	3	52	1
49	0	52	1
50	1	52	1
1	0	53	1
2	0	53	1
3	0	53	1
4	0	53	1
5	0	53	1
6	0	53	1
7	0	53	1
8	0	53	1
9	0	53	1
10	0	53	1
11	1	53	1
12	0	53	1
13	0	53	1
14	0	53	1
15	1	53	1
16	1	53	1
17	3	53	1
18	3	53	1
19	0	53	1
20	0	53	1
21	0	53	1
22	3	53	1
23	0	53	1
24	5	53	1
25	1	53	1
26	0	53	1
27	1	53	1
28	0	53	1
29	5	53	1
30	1	53	1
31	3	53	1
32	0	53	1
33	0	53	1
34	3	53	1
35	5	53	1
36	3	53	1
37	0	53	1
38	3	53	1
39	2	53	1
40	4	53	1
41	4	53	1
42	0	53	1
43	4	53	1
44	0	53	1
45	1	53	1
46	0	53	1
47	2	53	1
1	0	54	1
2	0	54	1
3	0	54	1
4	0	54	1
5	0	54	1
6	1	54	1
7	0	54	1
8	0	54	1
9	0	54	1
10	0	54	1
11	2	54	1
12	0	54	1
13	0	54	1
14	0	54	1
15	2	54	1
16	0	54	1
17	1	54	1
18	1	54	1
19	0	54	1
20	2	54	1
21	2	54	1
22	1	54	1
23	3	54	1
24	4	54	1
25	2	54	1
26	0	54	1
27	0	54	1
28	0	54	1
29	3	54	1
30	2	54	1
31	5	54	1
32	1	54	1
33	2	54	1
34	2	54	1
35	1	54	1
36	3	54	1
37	1	54	1
38	0	54	1
39	1	54	1
40	5	54	1
41	0	54	1
42	0	54	1
43	5	54	1
44	0	54	1
45	2	54	1
46	0	54	1
47	3	54	1
48	1	54	1
49	0	54	1
50	1	54	1
1	0	55	1
2	0	55	1
3	0	55	1
4	0	55	1
5	0	55	1
6	1	55	1
7	0	55	1
8	0	55	1
9	0	55	1
10	0	55	1
11	0	55	1
12	0	55	1
13	0	55	1
14	0	55	1
15	0	55	1
16	1	55	1
17	0	55	1
18	4	55	1
19	1	55	1
20	2	55	1
21	2	55	1
22	2	55	1
23	1	55	1
24	1	55	1
25	0	55	1
26	1	55	1
27	5	55	1
28	0	55	1
29	4	55	1
30	2	55	1
31	7	55	1
32	0	55	1
33	1	55	1
34	1	55	1
35	2	55	1
36	2	55	1
37	0	55	1
38	2	55	1
39	2	55	1
40	9	55	1
41	1	55	1
42	0	55	1
43	1	55	1
44	0	55	1
45	2	55	1
46	0	55	1
47	1	55	1
48	1	55	1
1	0	56	1
2	0	56	1
3	0	56	1
4	0	56	1
5	0	56	1
6	0	56	1
7	0	56	1
8	0	56	1
9	0	56	1
10	0	56	1
11	1	56	1
12	0	56	1
13	0	56	1
14	0	56	1
15	0	56	1
16	0	56	1
17	2	56	1
18	3	56	1
19	1	56	1
20	2	56	1
21	3	56	1
22	3	56	1
23	1	56	1
24	2	56	1
25	1	56	1
26	1	56	1
27	1	56	1
28	0	56	1
29	5	56	1
30	2	56	1
31	2	56	1
32	1	56	1
33	3	56	1
34	0	56	1
35	2	56	1
36	3	56	1
37	0	56	1
38	2	56	1
39	3	56	1
40	4	56	1
41	3	56	1
42	0	56	1
43	2	56	1
44	0	56	1
45	3	56	1
46	0	56	1
47	2	56	1
48	0	56	1
49	0	56	1
50	1	56	1
1	0	57	1
2	0	57	1
3	0	57	1
4	0	57	1
5	0	57	1
6	0	57	1
7	0	57	1
8	0	57	1
9	0	57	1
10	0	57	1
11	0	57	1
12	0	57	1
13	0	57	1
14	0	57	1
15	2	57	1
16	1	57	1
17	1	57	1
18	0	57	1
19	3	57	1
20	4	57	1
21	1	57	1
22	1	57	1
23	2	57	1
24	1	57	1
25	1	57	1
26	2	57	1
27	2	57	1
28	0	57	1
29	7	57	1
30	2	57	1
31	5	57	1
32	1	57	1
33	0	57	1
34	0	57	1
35	3	57	1
36	4	57	1
37	4	57	1
38	3	57	1
39	2	57	1
40	1	57	1
41	0	57	1
42	0	57	1
43	3	57	1
44	0	57	1
45	1	57	1
46	0	57	1
47	1	57	1
48	0	57	1
49	0	57	1
50	1	57	1
1	0	58	1
2	0	58	1
3	0	58	1
4	0	58	1
5	0	58	1
6	2	58	1
7	0	58	1
8	0	58	1
9	0	58	1
10	0	58	1
11	0	58	1
12	0	58	1
13	0	58	1
14	0	58	1
15	1	58	1
16	0	58	1
17	2	58	1
18	2	58	1
19	1	58	1
20	3	58	1
21	0	58	1
22	4	58	1
23	0	58	1
24	2	58	1
25	3	58	1
26	1	58	1
27	1	58	1
28	0	58	1
29	2	58	1
30	2	58	1
31	5	58	1
32	2	58	1
33	1	58	1
34	0	58	1
35	2	58	1
36	2	58	1
37	1	58	1
38	0	58	1
39	2	58	1
40	6	58	1
41	1	58	1
42	0	58	1
43	2	58	1
44	0	58	1
45	4	58	1
46	0	58	1
47	3	58	1
48	2	58	1
1	0	59	1
2	0	59	1
3	0	59	1
4	0	59	1
5	0	59	1
6	0	59	1
7	0	59	1
8	0	59	1
9	0	59	1
10	0	59	1
11	0	59	1
12	0	59	1
13	0	59	1
14	0	59	1
15	2	59	1
16	0	59	1
17	0	59	1
18	2	59	1
19	2	59	1
20	1	59	1
21	1	59	1
22	0	59	1
23	0	59	1
24	3	59	1
25	2	59	1
26	2	59	1
27	1	59	1
28	0	59	1
29	4	59	1
30	3	59	1
31	5	59	1
32	1	59	1
33	0	59	1
34	1	59	1
35	1	59	1
36	4	59	1
37	0	59	1
38	1	59	1
39	1	59	1
40	7	59	1
41	3	59	1
42	0	59	1
43	4	59	1
44	0	59	1
45	3	59	1
46	0	59	1
47	3	59	1
48	2	59	1
1	0	60	1
2	0	60	1
3	0	60	1
4	0	60	1
5	0	60	1
6	2	60	1
7	0	60	1
8	0	60	1
9	0	60	1
10	0	60	1
11	3	60	1
12	0	60	1
13	0	60	1
14	0	60	1
15	2	60	1
16	1	60	1
17	2	60	1
18	1	60	1
19	2	60	1
20	3	60	1
21	1	60	1
22	0	60	1
23	1	60	1
24	6	60	1
25	0	60	1
26	1	60	1
27	1	60	1
28	0	60	1
29	3	60	1
30	0	60	1
31	2	60	1
32	1	60	1
33	1	60	1
34	0	60	1
35	1	60	1
36	0	60	1
37	1	60	1
38	1	60	1
39	1	60	1
40	3	60	1
41	4	60	1
42	0	60	1
43	8	60	1
44	0	60	1
45	4	60	1
46	0	60	1
47	1	60	1
48	2	60	1
-1
