45	48	29	19	21	26	34	38	25	45	49	78	17	35	14	31	25	32	40	34	35	45	36	19	42	45	18	25	54	33	56	36	25	36	42	17	32	47	31	42	40	42	36	25	17	21	50	31	78	65	26	34	14	25	30	47	35	33	38	36	26	49	45	48	27	16	17	30	17	49	33	26	34	61	42	20	19	51	28	32	56	59	36	13	48	38	19	27	39	53	40	35	48	78	35	47	35	43	42	20	42	26	26	48	32	42	31	18	30	35	50	65	45	35	42	30	28	26	56	24	32	64	48	15	48	24	31	46	27	30	31	31	35	47	23	40	20	34	32	14	31	57	26	17	20	21	26	31	28	18	55	42	25	32	48	27	56	49	63	32	49	61	40	13	42	32
49	61	40	8	42	29	46	14	45	18	30	29	42	31	35	48	34	43	20	40	55	45	33	15	35	26	38	13	32	18	32	31	30	54	63	32	32	31	17	25	20	37	47	38	38	57	34	44	21	35	36	30	28	61	29	26	29	35	17	51	29	14	35	40	40	56	44	34	44	38	22	61	49	44	47	51	31	42	34	36	49	51	47	31	42	36	29	34	27	17	51	31	14	51	32	32	29	51	59	44	26	19	36	50	38	15	42	23	25	28	36	36	25	38	15	47	20	64	39	47	22	20	33	34	20	34	65	23	42	44	42	15	15	46	20	22	26	35	36	26	47	15	19	42	15	42	36	44	51	19	39	43	36	19	34	31	31	31	30	19	54	44	38	39	49	25
49	19	38	32	18	43	36	26	33	15	42	40	47	48	27	49	33	59	48	23	19	20	29	42	24	51	25	32	31	29	36	53	48	29	58	32	51	26	32	23	55	29	26	32	8	42	34	42	17	35	17	30	54	23	47	63	36	33	40	33	37	15	18	42	32	15	33	44	28	36	32	45	39	31	44	29	51	49	24	48	38	49	35	34	44	51	31	31	58	39	31	31	40	31	47	44	40	32	43	42	39	30	16	48	55	32	14	19	53	28	29	40	47	21	63	18	14	63	38	26	31	31	33	18	34	29	31	32	54	52	17	49	47	20	35	25	20	47	26	56	8	49	55	29	60	54	31	36	36	31	33	42	44	38	58	57	35	49	39	36	21	48	33	56	16	29
19	18	14	38	42	48	34	27	45	61	34	42	36	36	50	31	29	25	30	27	48	47	15	34	20	60	42	32	65	21	49	20	40	53	64	23	51	8	43	78	32	42	36	15	31	34	48	36	26	44	39	36	36	59	34	18	42	38	18	20	31	47	52	37	57	31	39	26	26	26	57	31	40	19	40	32	30	30	31	58	49	42	48	46	18	21	21	47	27	33	33	44	35	19	56	29	49	42	53	45	36	32	51	40	30	51	22	35	8	50	42	58	48	40	58	56	49	31	42	40	51	50	36	18	26	35	43	35	53	40	16	39	31	33	39	31	63	42	15	31	50	35	63	45	54	8	23	42	8	20	20	45	28	44	17	47	34	36	15	56	33	42	30	39	36	22
19	15	16	31	59	58	56	49	48	42	22	48	25	36	35	33	31	40	14	36	44	29	60	29	25	47	48	36	27	31	48	34	29	58	38	36	20	40	30	78	15	51	45	42	57	16	53	43	51	42	51	57	30	37	37	31	42	47	35	59	51	20	31	36	17	35	44	25	49	51	50	50	35	29	35	32	60	25	42	51	21	47	60	18	31	20	42	42	35	18	31	21	49	42	15	49	29	26	31	35	35	19	54	29	59	32	40	26	47	25	51	30	65	31	48	27	26	35	14	37	61	36	25	49	45	52	27	8	37	20	25	51	38	29	32	51	42	51	15	36	42	35	17	54	39	26	33	13	37	51	32	51	51	32	56	50	78	45	25	26	42	48	55	39	57	14
17	43	8	54	61	40	48	31	18	21	51	44	21	42	17	78	35	37	8	63	55	47	65	35	14	37	23	46	33	29	32	19	42	46	18	25	32	17	40	51	42	65	36	33	30	60	47	26	34	29	17	40	15	32	26	49	42	19	39	42	29	34	36	31	40	40	19	56	45	42	51	47	27	38	31	46	18	34	35	32	45	42	50	47	19	47	29	32	38	36	26	25	51	14	40	47	44	42	54	35	59	21	22	45	49	31	26	32	44	37	20	36	36	13	29	55	48	34	48	36	45	42	40	63	48	20	31	34	25	43	45	13	36	65	20	56	37	31	16	48	35	32	18	30	36	32	40	59	50	55	20	16	39	35	61	31	26	51	42	13	15	38	33	44	52	20
26	51	36	54	65	48	42	25	51	30	49	45	51	21	43	33	33	26	48	58	52	65	64	42	34	50	36	42	39	60	29	39	42	15	26	50	20	49	34	21	32	31	33	61	26	31	15	63	49	52	45	55	23	45	54	31	31	50	14	18	19	39	61	64	31	52	27	33	43	40	31	40	17	53	33	40	23	38	36	36	61	32	51	33	19	49	23	38	37	31	49	46	32	31	38	29	47	35	20	42	78	61	55	33	33	14	36	54	56	38	47	26	42	38	32	34	33	45	51	34	13	51	56	49	32	45	40	63	25	34	42	29	65	31	15	39	51	65	34	35	36	31	27	61	31	33	60	42	49	44	22	19	50	56	47	61	43	42	23	8	13	35	13	36	63	33
36	32	16	27	47	32	78	34	35	25	17	45	47	33	48	32	26	43	32	25	31	13	44	26	23	22	47	47	44	31	20	42	48	29	20	38	47	30	31	26	55	24	40	65	33	32	28	25	43	36	32	27	47	25	13	43	25	34	45	20	25	19	8	28	43	51	49	36	39	63	29	35	55	20	35	25	40	34	44	22	49	36	31	19	40	27	36	55	31	42	26	38	61	36	50	54	36	39	44	14	43	20	31	34	35	49	19	48	31	20	44	44	37	48	44	37	31	35	48	42	8	16	32	14	55	38	35	32	31	40	40	17	29	34	54	42	38	20	37	35	42	35	40	31	38	43	23	29	64	45	60	35	34	55	31	48	42	65	31	37	39	30	17	42	20	32
35	32	44	38	32	27	30	32	30	52	61	51	33	56	26	36	51	27	38	39	36	49	51	27	51	46	31	40	44	65	27	25	38	38	25	40	48	53	36	51	34	35	48	45	33	24	32	55	14	35	47	47	23	49	55	49	32	34	44	47	35	54	29	17	48	51	26	48	34	31	21	29	49	32	42	36	61	55	31	63	48	33	51	37	29	31	42	61	59	58	50	43	17	60	54	42	31	42	20	42	19	30	57	33	54	25	21	20	31	15	29	55	42	38	32	34	57	35	26	32	17	31	52	13	32	43	34	31	39	51	30	42	35	17	25	35	45	33	51	26	48	35	42	43	38	55	42	31	57	42	47	31	40	51	61	29	39	25	51	40	42	20	32	31	49	34
40	34	78	44	38	31	47	38	15	39	51	29	31	28	29	48	49	52	32	36	22	44	56	36	18	17	19	39	42	32	27	31	35	57	38	20	25	31	31	17	31	55	52	28	36	34	21	54	16	21	40	16	29	36	38	55	58	47	57	26	38	49	45	29	35	36	61	16	17	26	57	49	51	44	29	31	31	35	42	21	28	30	49	43	18	16	31	25	29	45	42	56	42	18	20	44	48	30	27	59	31	26	42	25	43	32	33	26	30	48	65	38	44	35	26	39	34	37	42	31	29	27	17	42	44	31	14	48	31	48	52	65	45	20	50	42	35	56	45	20	19	47	31	57	51	49	48	48	45	17	32	33	37	42	32	38	58	49	57	26	42	39	50	27	36	40
27	21	42	32	40	47	44	18	31	60	49	19	19	48	57	47	20	36	34	36	32	51	56	35	44	39	25	21	23	29	36	50	49	49	42	32	18	33	16	42	38	28	29	51	36	40	63	28	50	64	47	17	49	42	30	31	60	22	27	31	43	37	46	53	31	55	37	44	33	42	43	29	29	22	42	40	36	48	31	39	20	31	20	25	32	51	50	23	78	36	52	18	64	61	24	30	20	22	30	57	31	40	51	45	47	57	35	42	35	36	26	45	14	60	36	26	55	53	35	33	37	32	60	21	45	31	55	51	40	36	32	55	42	16	42	23	38	27	45	35	58	28	25	26	55	39	27	30	35	51	15	8	42	26	54	16	64	24	20	47	38	36	31	42	15	49
38	39	30	34	36	60	36	38	35	42	20	33	20	32	33	39	31	29	19	27	49	25	42	42	14	20	27	48	26	32	44	32	64	47	47	14	36	48	45	51	60	27	64	31	34	36	55	33	49	40	39	34	42	29	18	24	30	17	31	44	38	18	78	38	20	38	31	30	35	20	49	36	52	78	44	26	33	31	56	30	36	40	31	40	19	55	25	25	50	29	37	28	38	56	31	50	19	18	54	52	30	21	35	32	31	58	31	44	29	17	39	14	20	35	35	47	43	32	18	18	39	26	38	40	51	29	53	38	33	20	32	28	34	34	33	49	22	40	19	30	37	44	39	23	36	48	42	34	39	51	61	30	32	57	55	60	40	32	51	32	58	44	30	8	61	13
33	43	25	33	47	35	32	39	38	20	36	42	60	47	39	43	33	21	31	33	54	16	31	19	55	30	40	48	26	47	36	40	35	52	65	35	27	56	42	32	31	29	29	29	27	42	30	42	27	32	20	31	30	29	55	30	51	38	27	15	17	52	51	29	29	29	47	20	33	48	33	34	35	36	36	60	32	64	45	38	61	46	27	19	40	34	36	26	36	61	47	59	48	32	19	47	78	23	42	20	15	20	33	40	40	36	38	44	19	36	35	38	21	44	15	45	27	40	34	33	40	27	21	45	40	46	32	42	61	28	29	34	47	40	48	51	45	32	20	36	35	50	54	48	29	40	47	32	26	47	17	39	37	32	29	28	32	31	36	47	36	35	60	55	16	36
26	63	36	36	42	34	39	51	49	55	49	34	16	26	25	56	43	47	33	35	61	47	47	18	21	42	31	53	54	20	36	38	35	15	39	15	49	25	43	44	34	50	26	38	36	38	49	61	14	53	51	54	37	33	46	45	27	35	34	26	30	31	33	48	39	42	39	64	47	32	31	61	51	44	55	42	39	25	51	47	31	32	63	49	48	35	15	39	54	40	55	31	49	35	29	37	30	56	39	31	54	51	31	36	47	48	47	48	43	27	16	56	27	19	47	19	14	21	47	28	8	51	29	50	36	32	27	39	44	30	65	36	30	49	30	15	34	34	36	34	19	64	19	43	42	16	56	31	20	31	28	33	55	31	64	32	57	42	49	36	64	32	23	17	31	55
40	28	56	30	19	39	29	17	39	55	59	31	54	31	47	51	48	17	14	44	25	44	45	56	21	40	17	39	35	57	18	40	61	15	20	42	36	18	36	14	40	58	31	51	30	26	35	15	18	34	55	49	29	52	25	78	37	17	57	40	55	15	16	48	21	48	43	21	35	36	36	46	61	27	78	43	15	32	14	36	35	57	42	33	14	48	42	15	58	58	15	22	32	50	38	45	36	32	48	43	52	19	33	31	38	31	14	38	36	46	29	21	60	47	19	37	60	31	31	16	38	48	29	18	40	42	32	60	56	39	48	43	28	36	44	29	32	23	36	54	28	34	57	45	65	51	23	26	42	19	32	19	16	44	64	34	51	18	33	53	49	42	23	40	35	39
58	55	35	51	31	51	36	57	31	36	36	30	47	20	27	36	25	32	45	49	25	25	23	32	48	14	40	29	26	24	31	28	36	21	40	23	48	30	34	36	52	42	65	15	45	43	42	42	45	42	55	29	19	36	37	19	39	64	43	30	47	43	42	37	36	32	45	50	25	30	36	40	34	54	51	49	39	20	32	36	51	47	13	42	27	31	20	44	38	51	36	36	27	49	35	51	63	43	54	27	27	27	29	21	35	32	18	15	29	38	15	47	25	32	56	43	29	29	22	23	42	39	55	49	29	64	56	34	29	36	36	56	29	53	29	42	33	29	32	25	40	42	27	14	20	59	48	14	50	29	18	78	48	30	31	30	28	46	17	57	26	31	40	44	38	61
54	64	43	36	51	31	15	47	55	44	24	49	48	36	40	20	64	36	31	31	63	43	28	35	26	37	53	31	43	15	50	53	34	63	49	51	39	49	25	32	27	37	40	36	31	17	32	36	34	45	35	16	31	26	31	33	30	37	21	21	20	32	33	29	15	44	47	17	16	42	44	23	42	42	40	32	36	39	50	26	56	35	58	57	19	17	30	39	25	32	36	42	19	33	78	40	40	15	35	29	49	21	28	23	31	13	51	32	44	63	20	61	48	26	49	47	38	35	17	53	30	61	37	29	49	60	43	21	31	38	36	52	31	44	19	32	32	49	27	20	25	20	36	51	21	31	65	52	31	8	26	43	32	42	40	30	38	35	15	55	36	33	36	48	13	19
15	31	40	8	64	17	50	35	49	50	17	39	25	60	33	47	37	14	52	34	39	49	36	31	34	18	29	33	50	47	40	30	28	31	16	27	17	31	25	32	31	15	27	44	29	26	48	26	25	26	20	40	36	20	30	27	38	51	55	21	44	44	30	48	19	38	25	32	35	50	40	22	37	20	32	20	31	51	56	33	50	40	19	39	37	35	36	36	28	29	30	51	31	58	35	40	31	36	57	48	51	44	39	60	57	13	35	39	25	33	61	33	51	28	29	61	14	39	51	59	30	35	25	27	40	35	16	35	50	15	36	60	40	47	48	34	14	36	31	32	42	37	42	16	37	24	57	47	37	30	35	49	30	47	40	42	31	55	29	31	42	33	32	40	44	35
48	34	46	57	42	27	36	19	22	38	48	44	20	31	44	28	57	8	14	16	55	63	18	38	48	40	30	55	38	35	36	13	30	21	36	35	32	18	26	42	35	21	36	45	57	31	36	39	27	14	42	58	49	32	42	44	13	34	21	37	13	61	44	50	50	35	47	32	58	55	48	55	50	29	18	47	32	29	48	29	39	65	44	20	37	29	34	33	20	53	54	32	40	51	51	40	47	31	20	49	31	29	23	51	26	18	36	45	30	36	47	55	21	33	44	33	14	40	59	13	42	28	43	48	78	35	36	31	48	15	20	42	55	42	17	20	17	56	48	35	44	27	37	51	14	44	34	32	30	25	31	55	36	32	40	60	45	47	36	21	61	38	32	39	26	48
31	21	42	59	24	47	32	35	13	56	33	30	44	35	51	29	50	15	50	16	19	20	32	57	33	51	20	36	25	49	45	55	16	21	30	58	53	42	25	49	26	42	34	48	60	26	8	38	25	47	31	30	40	27	47	55	19	23	26	45	31	29	30	38	21	54	56	16	43	31	34	26	37	57	29	34	15	40	20	55	22	36	53	16	38	20	65	42	39	59	31	42	43	36	59	29	30	40	47	38	40	47	34	51	32	49	78	32	39	24	40	43	31	18	40	23	49	42	31	38	20	19	27	51	47	42	29	31	45	51	32	29	19	42	28	31	42	49	18	30	32	50	40	51	38	39	55	19	14	55	38	47	51	17	35	20	45	48	42	19	17	34	32	42	55	49
44	52	25	31	78	17	32	8	49	33	31	42	33	45	36	49	32	24	48	35	42	32	17	42	32	33	47	33	43	30	48	39	19	34	29	15	55	50	49	8	32	78	47	46	57	49	17	51	51	18	29	29	45	36	29	50	33	28	44	28	36	40	34	17	28	42	50	21	56	48	20	13	31	42	20	35	40	51	44	14	56	33	19	34	28	57	38	55	54	45	42	52	35	20	32	31	26	46	36	49	23	46	40	45	34	42	40	34	48	27	32	36	30	36	37	35	34	47	45	58	31	25	38	19	42	16	42	38	33	24	33	50	33	31	19	40	31	31	63	53	17	26	31	31	33	37	26	44	56	54	31	36	27	39	14	13	40	35	26	31	30	34	78	32	57	56
58	29	38	59	49	15	20	35	26	26	36	78	20	36	55	31	47	19	38	29	48	42	8	48	29	42	39	27	34	49	33	44	29	30	32	47	36	16	35	32	35	44	36	31	42	29	31	17	29	40	48	25	31	42	31	45	32	45	36	50	54	18	58	37	47	43	42	55	49	51	55	42	47	33	16	14	51	49	47	30	52	17	35	35	47	34	30	34	47	36	55	61	44	23	32	19	17	55	31	15	14	36	33	40	56	56	15	14	16	78	47	42	39	23	65	33	78	36	47	54	47	28	31	54	32	20	42	26	35	64	42	39	40	37	55	55	29	42	26	35	20	34	36	21	19	23	17	45	44	17	37	51	50	20	24	26	61	42	14	54	27	51	19	60	36	32
17	20	36	51	48	39	36	36	31	38	24	20	36	49	20	38	38	23	40	42	45	47	49	55	23	31	18	43	21	42	20	44	18	29	29	22	15	39	21	44	55	31	35	51	51	36	55	34	49	40	30	33	31	34	36	54	40	31	36	36	34	78	31	45	42	23	40	51	40	23	36	51	51	53	17	45	40	30	47	37	50	31	44	40	36	28	42	49	44	48	31	49	39	17	36	42	18	33	31	39	40	38	15	59	32	34	17	20	57	49	26	16	52	27	16	55	35	55	28	40	50	45	49	49	63	42	33	47	34	36	42	42	14	19	51	37	32	35	57	55	29	36	49	25	39	35	20	25	30	44	26	42	42	27	49	78	42	32	42	42	29	23	52	21	33	15
38	14	30	48	26	48	43	51	49	31	40	35	34	35	47	34	30	49	33	25	32	32	25	27	38	30	28	40	34	33	36	20	53	42	53	32	31	47	64	30	30	14	42	42	28	42	40	21	36	43	38	56	78	63	37	21	32	42	34	44	78	47	55	40	28	45	47	55	37	60	42	33	13	29	43	51	43	42	56	61	34	42	50	44	31	42	30	31	34	17	28	48	35	32	14	63	40	31	31	50	60	16	26	20	17	47	31	42	78	47	25	60	16	32	31	42	36	36	47	29	36	42	49	25	30	17	40	40	35	33	59	51	13	57	21	21	13	38	43	51	17	33	49	35	51	35	38	35	51	60	33	42	16	47	31	32	38	38	54	43	48	33	20	35	20	33
35	35	42	26	54	32	17	43	34	48	20	49	42	27	16	47	54	40	31	50	44	36	34	48	51	43	27	25	42	20	16	49	26	15	63	36	29	31	63	48	19	35	23	36	35	24	50	20	39	28	78	60	15	49	49	33	25	50	24	35	32	35	32	56	17	35	31	30	55	33	8	19	29	40	42	32	8	32	55	17	53	30	44	19	42	26	33	34	31	30	35	40	15	39	30	31	38	42	47	31	65	30	25	30	34	33	55	54	38	57	29	20	33	25	55	23	26	24	42	55	19	43	33	29	61	30	42	26	26	30	31	8	47	47	31	40	36	30	36	36	8	36	29	36	78	32	48	20	31	43	33	45	39	36	30	36	45	36	15	21	31	44	31	27	31	54
38	16	55	35	39	52	39	20	48	31	56	53	36	39	39	47	44	44	57	32	15	42	43	51	39	29	21	39	47	55	17	38	38	29	54	17	43	21	47	29	34	36	40	25	39	31	39	26	34	42	35	42	42	51	24	56	33	32	51	39	30	51	52	47	19	33	14	54	38	54	36	35	47	25	31	42	31	31	16	51	63	25	39	33	60	57	61	47	39	58	49	33	36	36	42	15	36	61	56	31	36	33	55	50	33	42	47	51	17	42	36	55	63	46	30	40	39	30	38	30	19	18	59	37	26	26	44	23	44	34	44	31	35	18	47	42	34	45	20	29	47	57	48	25	56	39	57	20	19	32	31	27	51	63	49	57	33	27	38	56	31	32	39	40	27	20
17	40	35	58	47	51	20	17	35	37	33	26	17	47	27	30	43	33	20	49	32	30	20	30	34	42	34	26	48	33	25	36	25	38	55	17	13	14	51	25	37	35	17	47	47	39	31	33	38	39	49	49	19	51	31	37	49	47	63	38	33	32	35	46	45	61	56	22	36	20	40	29	17	35	78	31	52	47	50	42	29	47	30	28	31	42	47	31	35	42	53	25	56	31	53	45	55	35	27	53	40	14	25	42	34	34	34	35	36	30	35	31	18	32	36	35	35	31	47	45	8	27	34	43	30	27	14	30	45	55	22	29	61	31	51	18	54	20	42	36	25	43	57	49	31	14	26	20	14	31	52	39	36	45	31	20	17	47	43	65	32	42	47	64	42	54
15	45	53	25	44	22	35	15	31	55	15	54	59	36	39	45	30	36	38	19	40	42	32	55	28	8	42	25	56	36	63	42	26	38	60	55	31	55	38	43	34	32	35	50	27	51	40	42	20	26	15	33	36	65	36	45	17	60	30	49	54	28	34	34	18	40	43	29	42	31	27	20	48	31	35	18	36	48	26	47	34	33	23	48	40	34	26	25	61	24	19	26	20	43	20	25	47	30	65	39	40	29	40	35	27	44	47	36	55	13	44	29	20	36	40	35	15	37	15	40	58	30	28	21	22	31	36	40	36	26	61	39	26	28	42	48	48	34	51	20	35	51	30	51	25	40	17	35	44	27	30	44	34	20	35	51	32	17	38	55	15	51	33	26	54	17
19	30	40	17	36	55	34	35	31	36	46	59	52	13	61	48	29	63	30	61	29	28	40	31	37	25	61	32	34	34	38	40	44	13	32	44	20	54	36	15	25	51	35	16	25	29	18	16	15	20	48	47	40	34	49	20	29	48	61	35	27	8	25	56	55	39	54	51	15	25	30	39	52	36	47	29	36	32	35	21	34	51	61	45	19	18	27	44	50	48	31	50	38	44	15	25	26	56	29	27	42	48	25	29	40	35	49	49	36	36	53	63	21	63	42	13	20	27	47	40	23	24	31	35	19	47	39	14	16	42	51	30	48	55	47	30	40	40	30	34	39	40	42	33	48	42	50	26	46	51	60	17	36	48	38	51	42	39	24	17	55	34	17	30	44	23
43	23	16	43	39	40	44	42	31	16	45	32	35	50	44	33	30	32	42	28	45	48	42	19	49	42	40	44	48	50	48	18	40	31	55	13	17	42	17	35	51	40	50	57	29	30	40	37	42	36	48	17	61	45	57	23	29	40	37	40	40	31	34	31	35	35	44	34	42	43	40	45	8	19	42	15	64	26	36	35	39	15	31	35	20	36	35	17	17	29	25	15	33	35	16	15	55	54	34	28	39	54	78	34	36	31	42	43	48	34	35	20	45	39	39	35	31	32	23	20	48	33	55	34	61	19	22	30	32	33	34	39	21	38	43	59	34	51	34	14	39	19	31	37	50	17	43	42	42	42	38	33	42	48	36	27	29	48	20	51	57	31	42	45	44	40
36	39	40	78	33	28	31	24	23	51	49	30	49	26	20	8	55	16	65	20	49	60	34	49	55	34	25	21	13	40	31	18	20	17	36	47	17	15	25	14	51	17	33	36	26	18	39	17	49	18	36	40	47	28	47	40	48	40	31	38	15	19	29	32	46	31	21	20	44	54	51	61	35	42	36	20	61	61	63	31	47	30	36	40	42	18	15	43	28	35	35	49	56	38	56	25	51	32	42	32	49	55	35	33	20	20	38	31	50	33	34	31	22	49	32	52	36	40	31	36	39	39	55	31	17	47	25	34	26	54	31	49	42	39	33	31	48	24	22	34	51	32	30	61	35	26	20	26	15	53	44	47	42	44	22	19	25	65	28	39	38	48	57	36	78	23
37	47	32	31	78	40	59	30	45	18	22	55	26	49	19	39	34	19	35	30	43	30	56	25	48	54	36	55	35	25	24	30	32	35	49	48	35	31	31	56	32	32	31	17	45	20	42	40	45	18	23	32	32	65	21	45	36	36	64	20	46	43	40	45	17	48	55	42	54	47	16	51	17	49	32	18	61	37	55	42	48	26	55	30	28	31	24	32	31	44	48	35	32	43	39	50	29	14	19	25	32	27	49	17	30	40	45	48	36	19	64	61	43	32	30	33	47	35	55	37	49	32	33	54	49	35	54	60	55	48	49	17	47	35	20	36	40	17	54	25	49	37	17	17	42	36	20	56	50	19	51	32	24	61	51	59	25	36	40	26	40	32	44	42	39	50
40	36	44	33	17	49	32	19	45	35	39	44	14	55	38	27	30	52	57	44	35	55	20	51	51	32	33	47	55	20	40	52	39	31	44	37	37	49	20	47	19	29	32	31	23	34	35	42	31	21	63	57	16	42	47	29	29	42	44	24	30	54	36	42	59	61	43	31	30	45	20	25	48	52	30	35	42	32	44	29	49	57	37	54	30	16	39	78	20	45	27	35	38	34	78	55	30	47	30	34	23	55	47	18	32	34	25	25	32	60	28	42	29	21	13	36	45	78	32	55	18	45	24	52	54	21	38	51	45	15	42	35	34	50	20	31	17	34	34	33	57	42	42	13	52	78	44	20	33	47	31	26	32	26	51	44	59	33	43	56	42	29	50	36	42	19
55	44	56	56	42	48	23	26	43	26	48	38	21	30	27	45	38	25	25	49	35	61	58	36	42	48	15	20	30	57	27	49	16	42	45	54	45	13	19	29	31	20	48	49	57	29	61	43	42	34	36	20	25	50	17	65	44	53	78	33	44	20	20	32	51	26	29	8	31	33	27	47	40	55	51	48	43	36	30	42	33	47	16	8	17	36	36	31	55	38	30	30	64	29	33	52	42	34	42	61	43	17	27	55	42	23	42	55	49	26	51	15	63	32	56	31	39	31	22	42	56	42	42	43	31	32	17	31	54	8	29	78	26	13	47	29	65	38	18	8	29	45	49	44	42	47	61	43	38	47	33	51	17	25	29	31	20	35	26	28	42	35	33	48	51	43
55	31	31	19	42	47	26	42	47	42	55	23	50	38	38	21	60	23	48	31	26	35	32	39	30	42	42	46	39	37	43	47	36	51	44	56	24	29	48	30	40	13	26	61	37	16	32	39	33	49	34	42	49	24	29	35	26	35	65	16	44	36	24	31	36	51	23	64	37	15	78	65	47	50	39	16	26	20	18	15	29	37	55	15	31	26	53	15	50	42	49	28	19	20	56	55	39	32	33	47	54	32	36	14	35	20	31	25	36	31	45	26	35	34	45	36	35	20	29	38	31	38	33	48	47	13	42	19	57	29	35	42	49	34	35	18	34	48	20	26	45	48	15	35	20	40	55	24	34	34	54	57	44	24	32	26	55	38	37	38	60	35	54	49	19	35
18	58	35	45	36	43	43	14	57	45	31	36	25	47	34	14	35	32	39	36	47	38	27	52	36	45	31	26	38	46	64	17	20	38	38	48	45	36	52	16	42	13	42	45	35	38	29	20	20	30	15	45	25	17	29	64	47	44	29	47	31	45	28	78	37	55	42	28	26	17	32	34	39	37	16	33	34	54	36	24	31	20	35	15	40	51	55	25	56	36	25	17	32	29	17	40	31	56	57	30	25	15	51	51	36	49	47	38	30	43	36	55	55	13	15	27	55	17	36	32	42	36	27	33	20	40	19	36	26	51	25	51	31	48	36	14	29	43	48	21	32	20	38	51	34	39	19	43	32	16	47	22	28	55	20	43	28	61	34	32	37	36	61	19	26	38
26	42	40	40	29	20	29	28	42	48	33	34	18	30	17	50	52	49	29	43	29	29	51	30	42	27	42	32	36	36	27	32	55	23	78	78	55	19	40	35	55	57	40	15	50	19	57	49	19	17	22	42	56	64	28	42	30	8	18	59	28	42	26	55	19	36	17	28	46	33	29	20	51	24	31	31	20	42	36	29	29	39	32	16	61	30	15	44	39	44	57	28	47	36	43	16	28	51	51	15	31	36	19	32	29	46	26	63	33	25	51	31	49	46	17	44	28	44	44	30	30	65	36	25	20	44	33	57	31	29	42	45	32	45	20	61	33	31	57	30	30	31	59	42	38	39	60	58	20	55	34	38	32	55	23	32	31	36	51	31	31	13	48	14	44	26
65	15	56	39	28	42	64	34	63	15	29	33	43	42	26	34	42	44	42	35	25	20	30	30	36	35	34	25	27	25	39	31	30	35	43	25	17	21	54	51	47	38	38	52	14	23	43	25	31	19	26	36	54	44	49	31	55	26	32	78	19	16	55	49	33	26	31	42	37	23	56	15	16	49	26	30	51	32	24	40	36	47	36	42	30	47	42	58	38	29	56	31	31	15	31	27	55	35	48	34	32	18	23	56	14	32	42	23	37	24	61	44	17	40	29	29	29	78	31	15	26	43	34	20	31	31	51	35	21	32	31	36	34	31	29	32	42	31	51	64	42	29	24	32	43	33	26	39	14	17	44	35	31	48	25	50	40	31	32	39	31	40	48	33	51	42
31	42	50	36	14	37	20	36	55	32	20	55	32	32	40	14	17	36	23	42	51	38	35	42	45	35	29	36	34	51	45	26	51	47	33	19	31	35	18	61	55	44	29	44	39	34	35	43	48	36	48	19	54	27	37	31	20	15	42	33	55	40	51	29	23	35	49	31	37	48	30	36	42	26	34	21	23	32	40	21	24	33	26	65	24	44	8	40	15	29	34	30	37	61	28	26	14	48	51	45	20	29	31	52	26	17	55	53	65	19	13	55	26	38	59	55	31	34	49	44	38	19	78	54	27	36	36	36	44	38	18	15	38	34	25	34	61	15	28	43	28	29	32	15	30	25	35	65	34	37	58	35	28	19	20	15	17	55	35	26	42	42	18	33	19	23
16	32	30	35	46	31	35	42	54	47	40	50	20	27	50	39	49	34	22	50	23	35	36	42	28	21	26	57	17	48	37	34	31	60	32	50	33	51	43	19	61	65	48	30	47	47	56	44	20	15	14	31	37	42	35	47	78	32	36	56	21	14	20	29	44	55	15	42	33	40	40	17	17	36	26	38	42	36	48	15	32	44	39	39	39	47	56	29	34	56	25	51	36	31	39	47	61	51	31	42	42	44	55	48	59	32	23	45	20	25	25	30	25	21	51	32	42	31	31	23	40	48	40	52	14	44	55	42	32	31	63	21	21	42	22	36	47	36	23	21	55	42	44	42	36	32	25	36	36	56	40	47	32	44	47	54	45	36	26	31	31	34	45	55	17	32
25	52	47	48	44	78	33	36	60	32	39	78	61	27	56	18	40	44	17	47	49	47	42	48	17	45	39	29	19	43	34	34	15	61	34	40	26	32	31	34	43	56	40	32	31	30	36	60	47	31	19	42	20	32	20	56	44	51	25	40	28	19	24	14	54	26	35	31	32	47	30	57	20	51	57	47	35	21	61	50	30	28	31	54	56	34	20	48	20	30	37	16	34	18	44	26	16	60	20	21	15	18	49	13	44	15	13	32	42	25	40	54	26	47	43	46	32	57	54	26	35	36	40	29	40	25	40	17	33	29	36	42	49	40	40	30	33	44	27	46	26	55	30	32	38	21	47	34	49	42	23	45	35	42	33	55	31	56	35	34	33	18	58	33	24	47
30	78	63	44	8	16	32	23	33	34	56	46	30	26	44	38	15	39	35	33	18	13	31	31	28	44	30	48	30	32	36	20	50	61	14	39	40	60	25	31	26	18	56	47	49	45	33	18	32	54	31	48	19	33	30	34	37	36	47	55	44	57	18	19	44	36	17	26	27	30	32	35	33	36	47	30	36	36	65	33	38	55	33	16	30	28	29	52	30	51	31	35	42	46	20	35	31	23	32	44	32	40	36	42	36	56	23	32	36	31	31	50	33	21	36	51	28	20	14	52	17	31	26	42	18	44	47	39	37	30	39	38	49	27	18	39	29	42	20	54	35	32	34	55	40	50	58	57	51	20	31	47	40	55	61	32	49	27	57	48	35	38	26	31	27	26
24	15	51	30	55	29	31	28	25	30	31	47	31	51	56	37	47	33	39	22	42	51	49	26	8	25	30	14	34	59	32	29	42	32	30	20	30	32	30	25	31	63	42	55	33	42	48	19	39	35	36	42	22	24	48	50	22	32	23	55	44	58	40	32	38	39	18	55	39	36	34	54	17	51	28	31	25	15	39	50	26	35	19	39	35	8	19	51	13	51	65	51	40	51	39	57	17	14	19	39	31	18	44	51	43	35	42	44	20	40	20	38	20	16	26	21	18	47	32	47	19	47	31	43	36	35	17	42	21	40	19	49	28	31	15	31	40	25	19	45	44	45	31	23	18	18	33	58	26	17	43	36	32	61	52	49	48	48	54	38	23	32	20	65	39	42
31	55	14	45	31	31	42	40	58	29	38	44	49	55	51	43	36	42	31	33	43	44	17	78	33	49	29	35	31	40	39	48	26	17	33	42	40	48	31	42	32	23	38	51	21	25	28	33	32	29	34	20	38	38	16	29	39	13	36	26	34	42	15	8	58	48	61	33	31	61	40	14	35	28	40	42	20	51	45	49	40	34	33	33	21	32	17	49	42	47	42	23	40	32	37	20	33	40	30	31	51	20	26	44	42	60	38	44	30	78	19	45	32	30	42	26	60	46	36	32	30	21	20	42	30	60	65	59	13	40	29	31	31	18	36	39	47	32	20	38	38	37	20	49	26	51	29	36	49	32	42	29	78	34	20	28	59	38	35	44	58	16	21	48	40	29
44	31	54	21	27	34	42	51	39	61	36	51	20	40	60	52	34	15	26	16	51	58	34	54	22	49	30	57	37	33	19	31	24	31	38	65	48	38	36	47	19	57	36	36	32	40	40	27	31	15	27	26	30	26	48	43	16	36	31	39	35	35	31	13	53	16	25	42	44	17	31	48	38	29	37	22	28	20	33	38	51	18	34	25	48	17	15	40	27	60	30	31	35	49	24	17	32	58	47	64	26	17	48	29	32	32	51	48	26	31	30	30	43	51	34	35	17	33	26	49	19	61	35	42	32	55	32	60	51	35	36	49	14	35	60	32	35	45	37	20	19	31	40	27	38	20	31	52	31	44	27	25	61	30	65	61	29	31	47	51	36	35	48	13	15	20
21	17	29	21	49	61	54	36	52	46	18	35	59	51	33	17	19	17	52	40	8	45	42	39	21	58	42	18	55	34	36	49	40	29	42	30	51	15	47	34	24	36	61	20	38	38	47	30	26	61	30	46	55	25	36	42	42	44	27	59	31	16	42	21	42	31	39	32	20	43	20	20	26	32	56	47	39	30	50	36	26	31	40	35	29	34	31	49	49	33	19	60	15	27	50	35	43	42	25	36	31	16	45	26	47	48	40	35	39	25	18	27	46	55	35	26	28	61	14	14	48	37	34	36	20	43	47	50	35	33	27	45	55	25	32	61	36	53	29	23	33	61	40	38	48	36	27	33	56	31	45	43	42	32	48	26	34	42	36	47	55	15	20	40	36	45
38	26	50	35	36	36	57	42	15	40	30	42	31	26	59	34	34	42	61	32	26	38	32	49	17	64	43	47	23	30	56	64	13	43	20	49	31	49	42	30	36	37	38	38	56	64	34	49	64	58	50	36	47	48	35	45	42	65	42	51	47	43	29	36	63	32	48	33	38	27	47	29	17	47	54	34	27	30	21	20	51	33	31	42	46	17	48	36	42	14	44	48	33	42	42	27	33	49	27	59	55	16	36	26	64	19	17	56	31	31	39	19	44	20	51	37	29	39	29	29	36	47	63	35	17	43	42	31	29	36	36	30	42	59	39	42	33	47	53	44	30	44	36	32	27	39	36	39	38	20	36	45	47	42	52	18	57	15	36	36	29	58	42	14	20	40
78	40	30	37	40	78	25	51	35	25	36	35	47	32	36	27	51	35	30	40	45	44	42	44	36	35	31	26	17	50	43	49	61	27	27	36	15	17	14	20	38	36	32	55	25	33	16	25	36	49	40	35	48	29	50	32	14	48	47	27	26	38	36	20	16	37	15	42	28	48	26	51	35	56	35	17	29	47	55	27	42	20	55	36	33	20	43	49	34	43	42	51	25	32	34	18	17	17	65	17	42	45	42	51	34	15	21	51	22	49	18	43	31	58	43	48	20	20	33	24	27	60	45	42	55	16	44	32	49	31	23	23	31	30	18	63	27	47	35	45	13	51	49	61	24	26	20	48	26	48	54	36	61	34	30	48	38	25	46	32	20	14	27	55	27	36
33	25	56	35	23	36	38	31	78	36	19	64	39	40	57	29	55	27	27	36	49	23	31	28	42	14	47	34	51	59	36	36	47	44	35	33	36	27	33	32	19	50	27	42	39	44	58	42	40	23	44	36	28	53	34	47	44	32	44	20	31	32	31	54	47	55	30	33	31	15	48	23	33	51	31	45	65	65	19	43	31	35	32	32	51	20	40	36	19	30	29	39	31	36	32	42	43	38	32	34	29	49	54	31	40	29	35	47	47	30	40	26	36	18	25	20	51	27	44	20	39	36	25	46	36	25	42	57	45	51	47	31	55	48	35	36	51	30	55	14	15	31	49	56	44	42	17	19	51	42	57	18	36	48	43	29	42	45	32	39	39	47	36	15	57	40
40	54	36	37	29	24	44	43	26	30	29	20	27	31	42	17	49	65	48	18	34	40	48	30	47	47	40	25	17	50	59	40	60	32	26	31	45	20	26	32	42	35	45	43	16	54	32	57	40	24	34	30	32	34	31	31	47	17	31	23	29	15	32	20	30	29	35	18	36	39	54	46	31	32	26	39	38	47	42	42	52	32	47	26	32	34	52	57	20	25	27	15	31	53	16	17	15	36	43	17	32	48	31	55	55	56	48	31	29	45	56	48	55	42	31	47	51	55	44	13	56	36	25	40	31	29	49	31	25	36	39	38	33	61	34	20	13	19	50	17	20	44	48	21	65	38	38	48	34	39	32	27	55	39	46	42	42	55	47	15	20	21	30	29	43	35
44	26	57	42	29	24	38	35	64	20	45	47	28	45	47	48	35	39	39	47	49	35	38	51	44	42	61	49	24	36	42	33	47	36	32	13	16	32	35	78	47	52	47	13	14	31	32	50	40	19	17	45	55	25	55	25	32	34	30	36	52	20	15	20	29	39	49	17	21	46	55	53	37	34	58	42	47	57	19	42	38	39	34	35	23	34	48	25	61	36	15	42	32	23	51	40	15	26	26	32	40	35	59	51	20	25	30	50	18	22	54	31	31	44	33	17	39	51	64	35	32	40	42	21	34	22	56	44	18	57	15	78	29	31	44	33	36	42	26	78	29	31	18	33	35	36	61	32	64	20	60	47	61	48	30	31	19	27	36	25	26	52	35	57	29	32
31	22	47	26	48	44	78	38	23	19	29	13	46	49	50	33	49	47	31	51	47	16	55	33	31	25	36	32	55	19	40	48	49	60	17	19	36	17	42	30	38	31	35	36	20	42	51	35	42	63	18	23	17	57	55	42	21	49	37	42	35	54	35	44	58	19	32	47	35	19	26	51	27	30	48	57	25	33	32	8	30	59	23	33	56	20	47	40	36	34	23	53	39	15	39	55	27	29	32	42	37	31	39	18	49	26	57	47	28	39	61	16	32	29	33	38	34	20	14	51	32	49	26	33	30	47	35	56	32	33	29	42	20	30	36	36	25	34	26	55	43	29	45	39	42	36	42	29	26	42	42	65	49	47	42	17	20	48	26	31	13	43	44	37	22	17
47	20	36	35	17	32	40	19	37	64	33	18	78	58	31	33	31	26	40	25	20	39	58	24	30	55	30	47	39	44	29	43	32	27	47	26	34	42	23	31	19	37	36	39	44	42	29	42	35	42	31	51	26	19	51	30	61	32	47	43	45	26	47	35	44	42	47	51	25	42	42	49	35	59	42	15	13	59	25	31	35	36	32	51	24	37	35	27	30	29	49	23	36	36	58	59	55	51	46	35	40	44	36	36	31	50	48	57	31	55	42	31	48	58	38	16	32	61	20	20	26	26	44	34	16	55	30	35	35	31	25	20	48	37	26	54	34	17	39	39	58	42	35	31	48	54	61	55	49	61	36	36	64	58	51	26	52	39	20	47	28	39	37	40	61	13
16	32	57	39	26	57	42	30	27	43	38	27	45	36	17	37	32	39	29	42	44	23	50	15	20	55	29	55	29	36	32	46	15	40	43	19	45	30	35	44	14	78	63	34	36	30	16	42	43	42	30	29	24	30	28	52	43	38	33	43	30	57	63	51	14	14	42	33	42	26	56	21	33	36	20	49	19	24	40	20	37	31	19	26	24	29	32	39	24	35	63	42	45	33	31	54	15	23	20	31	44	31	33	56	15	25	31	54	35	32	17	15	55	51	61	49	31	38	20	31	42	24	21	13	29	20	42	30	25	20	27	17	31	31	36	20	56	31	29	42	55	44	31	29	47	47	31	42	44	61	50	38	47	28	20	42	14	26	59	28	20	27	51	44	65	32
44	13	42	28	50	32	40	45	27	55	30	16	49	8	31	16	39	30	36	31	47	28	17	61	30	50	30	42	24	43	55	34	33	54	58	32	39	42	48	32	13	28	14	51	56	36	24	34	20	56	37	36	43	47	34	31	51	34	56	47	45	36	31	21	21	25	29	44	32	31	51	17	36	28	27	42	42	16	25	20	20	20	25	40	15	65	34	35	43	28	50	57	20	47	50	42	60	30	35	35	37	56	38	64	49	42	42	47	32	63	51	31	29	19	32	45	34	36	61	30	30	14	42	43	20	32	42	21	17	40	35	37	49	31	27	32	15	30	17	31	36	29	34	63	47	44	17	42	54	38	31	30	39	50	19	30	48	40	57	40	53	22	43	39	42	44
27	43	25	37	39	17	48	42	39	16	44	20	33	16	26	31	43	49	30	38	22	45	34	55	30	55	29	43	29	28	55	21	60	16	31	26	33	60	55	26	54	49	31	43	29	56	42	39	16	26	51	39	21	24	36	51	32	49	30	31	35	38	26	21	60	36	45	58	16	36	42	17	39	16	29	36	34	42	29	26	40	28	29	44	35	29	17	56	47	35	55	47	30	54	30	42	38	36	50	20	47	32	48	55	49	61	32	49	49	52	45	22	35	27	25	46	37	30	36	31	55	56	42	50	39	31	25	49	65	46	22	42	55	18	23	36	27	34	23	20	53	42	45	15	52	56	34	56	44	19	27	22	31	36	78	47	31	35	48	30	15	49	44	29	30	48
17	17	27	47	17	35	34	48	33	40	31	15	39	37	48	14	42	33	25	34	27	22	42	16	39	38	49	15	45	34	44	35	42	24	13	31	30	42	55	49	30	33	38	42	47	51	52	47	30	44	36	45	20	61	31	29	42	35	39	40	32	34	38	43	17	57	20	31	17	31	49	28	57	38	31	49	30	58	51	42	37	17	36	17	30	31	47	19	36	35	40	37	55	42	16	44	31	42	30	60	42	51	32	18	36	32	35	42	45	31	22	22	25	44	35	37	35	32	63	8	35	42	49	17	36	51	34	32	47	43	37	25	19	20	30	17	38	51	35	27	44	55	61	20	42	39	21	36	23	17	40	35	29	19	23	29	31	18	64	59	47	36	42	42	37	36
60	31	35	38	32	58	14	40	45	45	36	20	30	53	15	42	34	22	20	47	20	42	43	26	42	45	43	25	35	50	57	25	65	57	21	33	8	32	45	20	38	36	48	32	40	42	26	32	36	40	15	58	18	30	34	32	40	19	38	51	24	40	44	39	24	25	15	27	17	61	40	29	23	23	17	26	21	51	21	78	36	42	46	26	47	29	45	33	8	25	17	34	26	40	47	56	29	35	44	64	35	26	51	21	32	42	50	65	27	25	43	25	57	40	49	60	29	36	49	38	52	34	40	58	60	57	39	25	42	28	58	51	31	40	30	51	35	40	29	43	46	49	20	43	14	35	31	34	33	42	15	17	50	60	23	31	19	33	44	45	20	51	34	40	64	32
45	29	51	30	43	24	36	54	35	20	45	31	32	32	20	50	16	40	40	50	15	57	53	57	42	36	57	17	38	23	33	44	46	34	40	19	42	48	42	42	38	39	37	15	33	30	39	24	29	42	29	14	49	31	39	44	61	33	36	32	34	33	43	48	18	49	15	54	44	31	48	38	31	50	31	30	47	51	65	20	22	55	22	65	24	40	18	22	34	47	32	21	26	55	36	60	33	26	36	42	44	55	25	16	42	49	19	48	49	36	32	8	51	31	28	36	15	15	48	35	36	31	15	32	55	43	34	31	33	47	53	29	57	46	25	30	39	17	40	36	57	26	51	38	38	49	24	26	57	35	25	61	42	34	26	29	31	47	32	38	17	47	26	52	40	36
42	33	59	42	8	29	17	8	36	40	54	20	52	20	52	49	44	39	42	43	26	8	18	29	32	30	42	42	25	59	38	43	44	18	21	32	55	32	36	36	50	50	31	34	54	34	56	43	21	14	38	53	25	30	34	31	30	30	21	55	34	17	21	42	32	40	34	30	43	26	47	45	15	48	29	43	49	53	29	34	34	64	42	29	52	35	47	36	48	38	78	35	31	78	39	36	49	36	37	53	35	55	49	39	35	39	42	42	39	40	35	61	20	25	27	39	15	52	32	36	38	30	44	38	51	39	31	34	33	55	43	28	51	44	61	19	16	21	36	34	42	64	30	29	51	28	35	26	21	38	20	54	19	29	19	44	18	25	51	33	50	49	37	21	31	17
22	24	31	32	64	42	20	35	39	38	20	17	57	20	20	17	36	45	49	42	46	45	61	47	22	51	52	32	31	20	14	33	20	19	40	35	36	20	25	27	33	47	27	47	22	51	48	39	29	54	28	29	49	36	45	36	50	55	29	14	42	44	36	55	54	56	42	26	47	35	42	30	32	37	36	42	55	38	33	42	47	36	58	36	38	51	25	17	38	60	17	47	38	24	34	44	31	25	51	36	33	37	47	30	28	52	14	51	43	29	25	47	48	23	30	31	31	31	32	40	15	36	58	27	29	27	65	31	42	64	44	65	39	17	26	47	14	18	38	31	64	60	33	39	30	32	43	49	32	40	44	36	34	31	14	59	65	35	31	32	27	35	31	24	18	40
31	56	36	31	40	48	27	47	60	39	40	29	20	55	36	18	40	44	42	32	34	17	19	14	20	23	64	54	30	37	26	20	53	29	16	26	21	38	40	30	36	17	16	48	55	64	51	17	27	42	33	39	35	15	21	35	42	36	45	31	43	38	42	15	49	31	52	54	20	52	49	34	45	32	14	51	42	29	49	38	36	55	26	25	40	32	35	43	29	40	47	39	61	52	27	56	65	18	55	42	38	57	20	63	20	61	29	17	58	16	46	34	48	42	33	25	43	36	40	42	35	47	31	32	30	33	20	29	47	48	14	25	38	51	13	29	48	42	21	31	29	55	40	15	55	18	51	34	52	8	49	47	30	36	19	31	36	51	36	8	15	51	42	25	31	29
42	8	36	31	50	38	23	42	29	16	49	19	51	17	17	47	25	44	55	26	49	31	40	36	35	19	44	20	17	18	49	45	38	29	78	39	39	17	49	30	40	65	21	14	19	19	47	50	47	51	40	36	57	36	36	33	78	51	34	54	42	47	27	33	52	38	46	19	57	47	47	44	30	58	26	47	53	57	44	51	29	64	29	31	38	37	39	34	48	31	35	45	22	33	42	26	17	57	61	36	57	36	58	49	17	78	61	21	27	47	25	42	48	15	44	21	54	49	26	33	46	29	8	23	31	27	36	47	51	44	15	42	39	20	55	25	48	13	55	42	14	35	64	30	42	36	29	36	17	29	19	33	51	40	24	30	19	44	55	20	31	25	19	36	15	31
45	39	17	64	18	35	39	32	44	43	19	52	56	31	31	35	39	49	18	26	37	23	20	31	34	51	35	51	21	33	31	38	27	32	55	42	55	33	31	26	31	39	21	32	32	44	37	19	55	30	35	49	19	17	33	64	44	43	57	34	38	43	38	34	32	36	60	35	29	21	17	32	57	36	33	32	36	39	36	29	34	56	31	53	42	35	31	43	28	23	43	37	15	20	34	25	49	56	47	44	8	35	24	37	17	33	36	35	31	55	49	32	27	38	64	42	45	55	49	44	42	32	56	60	64	38	32	33	16	47	23	39	36	27	42	42	31	50	32	45	20	47	16	44	52	38	49	15	43	30	29	43	36	59	31	49	23	47	57	30	42	17	30	51	49	24
31	46	20	35	33	19	15	61	17	16	61	40	31	28	55	44	18	78	45	44	37	14	47	19	20	31	49	40	51	35	39	38	14	55	17	42	40	36	53	64	36	19	33	14	44	36	27	51	15	61	28	27	25	42	21	20	44	32	33	43	49	20	25	56	34	21	22	27	13	21	29	39	20	49	19	56	35	16	34	17	36	13	19	19	65	36	44	20	20	36	26	44	28	49	32	39	64	20	31	28	40	19	31	49	24	31	51	17	47	47	54	42	20	49	55	32	42	49	31	51	47	43	31	21	47	49	47	44	18	44	50	27	54	57	35	32	32	40	48	48	17	42	40	37	29	44	43	49	51	40	36	27	31	35	32	65	47	55	51	44	20	57	37	49	31	64
15	31	45	27	36	51	19	48	30	31	51	52	42	55	42	16	35	16	51	18	57	42	49	54	24	17	42	26	17	39	35	49	36	20	51	19	57	65	55	27	47	59	31	20	51	30	15	36	46	16	21	32	29	42	36	35	42	31	57	53	28	20	47	34	14	14	20	26	36	49	55	24	31	17	24	35	34	38	43	45	35	27	26	55	30	32	28	47	38	36	44	38	48	51	31	26	39	35	17	28	53	36	48	39	31	27	42	31	42	31	61	27	27	51	61	46	30	32	31	50	25	34	59	31	36	19	32	42	35	17	32	49	42	29	26	28	36	50	35	33	34	22	31	47	51	27	49	51	49	20	25	35	56	50	31	61	42	45	37	48	36	42	32	33	44	15
34	39	34	32	40	47	37	26	32	21	34	39	51	33	61	20	35	35	42	53	29	42	32	57	30	35	45	35	42	30	31	39	15	29	31	21	38	45	42	45	33	26	22	34	35	30	51	34	49	39	17	55	15	34	15	33	48	55	45	32	51	25	42	31	48	42	40	37	35	44	39	28	31	40	32	14	40	36	26	61	21	45	58	36	26	65	36	25	42	30	64	32	36	46	43	55	49	31	25	49	26	8	42	17	19	49	22	61	64	34	28	52	43	17	40	32	31	51	18	19	54	42	78	54	33	49	31	50	49	55	64	43	15	13	42	46	34	56	51	35	45	45	63	34	48	30	36	36	40	34	40	33	13	42	15	29	27	42	39	51	28	31	36	45	55	50
51	48	20	44	31	42	17	27	44	29	34	56	48	51	19	17	36	21	20	25	32	26	26	49	34	38	32	38	13	31	32	31	31	37	35	40	60	32	33	15	36	48	13	24	43	29	23	20	52	25	34	42	60	35	33	20	54	25	43	55	60	63	40	50	42	44	61	36	32	45	18	43	22	59	37	22	25	51	19	37	48	31	37	31	31	43	47	42	50	50	37	55	49	38	17	19	27	39	15	42	30	43	29	40	63	47	35	19	36	30	20	60	38	40	48	57	16	27	31	23	35	56	56	33	42	17	39	51	55	18	49	26	32	47	59	31	8	27	48	43	56	22	78	60	36	36	53	35	51	17	36	44	28	20	20	49	47	15	38	42	32	31	21	48	16	32
37	29	30	27	37	30	17	38	29	54	34	61	43	15	45	58	26	26	14	42	58	60	37	36	48	42	15	31	50	34	29	20	61	32	65	34	17	24	35	42	36	29	29	47	29	26	43	19	36	56	51	45	39	31	47	36	27	36	30	49	63	43	35	40	24	29	42	27	35	47	55	16	31	59	55	61	17	42	45	8	29	8	34	56	49	44	25	51	38	30	22	27	29	40	47	39	26	35	61	36	33	50	48	15	52	43	42	44	45	31	36	48	15	29	44	57	48	39	43	14	78	20	35	33	42	36	19	49	48	36	28	27	59	61	39	14	31	23	42	35	51	44	25	15	30	30	15	31	47	25	47	32	40	21	16	40	36	42	49	31	31	31	47	14	27	38
42	20	34	13	47	37	36	46	34	34	39	47	60	35	36	60	22	32	16	46	26	36	35	39	22	14	34	32	29	35	32	48	33	33	29	32	55	49	35	30	44	29	31	36	33	36	13	38	14	31	42	36	47	61	50	37	36	54	36	39	45	49	21	36	20	44	38	60	17	36	31	47	36	33	33	17	35	38	23	32	42	45	46	18	29	49	21	29	35	51	36	47	44	26	49	55	38	25	31	40	48	57	36	15	34	43	42	47	36	31	42	39	55	49	38	35	45	42	51	36	42	27	56	55	51	40	23	49	55	21	59	14	40	42	33	25	39	17	16	31	51	46	19	54	31	35	51	15	21	29	40	56	31	24	17	30	42	57	61	33	36	60	44	60	38	18
36	55	38	32	49	47	48	17	34	31	49	36	55	47	35	40	49	21	26	44	59	27	39	36	15	57	48	78	35	15	31	35	36	51	38	31	37	38	27	28	57	28	54	50	35	31	50	31	19	50	20	50	19	59	40	31	23	30	49	25	44	42	25	34	31	42	54	15	26	14	31	58	32	49	34	35	42	49	44	20	51	43	31	42	28	20	44	35	18	40	42	49	30	31	37	51	63	17	54	42	56	51	34	36	78	25	58	35	34	39	49	43	30	47	36	32	30	31	35	55	35	42	45	33	30	48	27	36	42	30	48	25	33	20	51	42	40	43	28	29	15	29	18	51	30	61	29	34	19	35	42	26	42	16	48	32	42	20	31	34	33	36	47	53	38	57
39	32	47	26	43	52	42	55	44	26	61	52	36	47	31	29	49	43	42	19	33	20	31	55	26	51	42	18	31	61	31	31	23	36	40	34	32	58	63	53	39	13	43	26	44	31	27	52	42	51	20	56	19	47	44	39	40	29	42	57	42	32	32	64	30	20	54	27	26	65	34	25	61	36	36	30	30	36	42	33	36	36	55	38	27	40	51	47	48	22	47	50	35	49	40	49	29	27	16	27	43	47	48	48	14	51	31	43	38	23	36	15	20	19	25	39	15	51	42	43	31	29	36	19	30	38	49	26	65	47	35	78	33	65	34	30	31	20	48	35	53	27	17	26	36	30	32	20	33	42	40	63	26	37	46	31	18	51	36	20	33	8	42	48	13	34
48	59	44	38	32	33	32	44	38	32	36	51	32	33	30	35	8	29	45	44	55	28	60	47	17	27	21	51	31	29	65	38	13	36	36	43	42	34	49	59	35	49	50	56	30	43	48	20	40	65	32	57	51	39	30	20	78	57	44	38	8	50	29	20	26	51	44	30	36	60	36	65	29	43	20	17	26	61	42	54	35	54	23	42	31	54	47	32	26	42	14	20	32	36	59	17	31	57	29	34	55	32	39	40	27	57	44	34	56	36	40	25	44	51	48	21	31	61	29	38	57	38	31	49	15	30	34	30	47	23	42	30	13	14	47	36	39	28	51	34	32	35	61	44	29	51	17	27	33	26	63	42	42	30	33	51	46	56	42	39	40	63	20	16	61	36
17	43	15	40	25	51	50	78	26	29	32	36	22	32	23	42	61	17	56	32	34	25	20	42	35	32	45	31	14	17	44	32	78	36	36	44	26	45	25	27	48	25	29	38	42	48	16	31	61	36	52	32	64	46	42	30	43	15	36	47	33	54	42	61	34	51	37	27	37	48	55	15	19	32	27	65	34	45	40	23	30	8	15	50	27	48	18	17	44	26	45	44	38	25	20	25	13	30	26	63	49	20	25	40	30	60	18	45	25	51	30	27	32	51	51	42	19	47	14	51	47	40	17	34	46	25	26	39	20	78	19	65	42	78	42	50	18	59	34	20	44	44	19	29	31	78	59	36	23	57	31	36	24	78	34	40	40	55	31	42	61	52	45	17	50	33
48	30	40	20	20	55	63	14	27	44	25	32	33	14	50	57	23	55	29	20	32	25	33	31	26	33	29	32	19	23	39	26	22	17	32	23	56	51	36	43	31	36	20	42	30	35	57	32	32	26	47	40	49	55	54	26	34	55	43	36	27	42	45	17	25	58	25	47	39	29	45	42	52	31	55	42	46	55	54	51	38	14	35	31	51	14	55	30	55	43	29	27	32	31	25	31	32	49	55	30	36	29	28	78	65	35	47	34	42	34	25	57	38	49	26	31	30	35	39	55	52	27	54	49	46	27	15	34	57	51	46	25	65	20	42	51	47	21	39	59	48	54	43	49	28	34	15	25	31	43	32	44	23	34	36	39	51	31	31	36	25	29	44	31	61	18
47	8	43	36	54	33	44	25	55	14	16	17	36	39	33	36	19	20	57	63	51	51	31	37	24	38	25	23	44	25	40	51	53	34	25	33	34	42	50	14	37	31	20	13	18	53	56	36	31	55	42	51	32	28	33	32	25	20	32	44	36	44	8	31	33	37	42	17	55	52	44	51	34	18	26	32	44	30	32	47	44	42	25	42	14	30	35	25	40	60	45	35	16	30	35	35	31	78	32	30	29	35	57	28	35	42	36	20	31	36	28	31	23	40	44	32	37	49	42	53	25	20	29	18	51	40	31	78	47	48	34	55	40	61	42	42	32	20	42	34	36	32	27	38	26	26	43	61	35	49	25	21	48	50	31	44	17	37	40	30	24	35	61	32	58	31
35	42	32	42	32	29	17	31	19	26	17	51	19	26	29	36	19	42	24	17	37	30	36	37	38	26	14	31	20	55	38	65	56	38	50	34	59	13	42	45	15	49	32	49	25	44	26	20	17	29	22	43	49	36	19	32	29	26	34	24	39	42	43	38	29	17	33	53	26	26	50	29	31	21	31	49	78	38	64	17	47	28	42	22	15	30	59	32	31	15	19	43	57	45	40	15	40	57	36	32	48	47	63	56	56	25	19	32	15	31	16	28	20	31	32	34	35	45	40	19	55	33	42	57	17	33	51	19	65	32	49	38	35	8	55	45	17	42	54	14	40	36	20	63	40	20	48	38	18	36	37	42	34	40	42	39	30	20	48	16	56	18	19	44	31	55
35	21	16	49	31	50	56	56	32	34	34	42	26	34	47	45	39	8	42	21	28	27	34	25	21	78	57	38	31	59	40	16	78	31	31	42	17	28	47	16	54	16	34	44	37	29	53	31	51	22	42	17	54	15	36	55	31	36	18	38	40	28	26	8	56	30	57	35	31	36	47	30	25	36	20	43	47	40	40	49	34	30	43	36	34	36	15	24	36	30	43	55	78	60	19	30	47	33	27	23	37	38	26	26	29	30	55	31	78	61	20	48	18	30	61	19	36	33	30	64	26	14	47	30	26	50	37	50	43	58	33	25	48	40	55	39	20	31	18	36	32	15	48	28	35	42	36	42	23	39	47	59	39	63	20	44	38	36	29	58	50	33	47	32	30	31
64	43	46	29	42	48	58	48	33	33	42	45	35	61	49	35	35	32	33	30	48	34	38	51	18	26	8	51	44	20	24	19	47	36	29	31	34	40	29	47	31	42	30	35	44	52	20	36	30	32	35	57	53	55	28	36	15	27	31	38	31	37	58	54	30	24	32	63	48	37	8	28	33	26	53	61	30	32	54	23	17	27	31	42	43	46	55	48	36	20	47	40	61	20	64	44	34	30	15	36	51	39	47	33	26	47	55	19	17	17	20	35	20	61	25	16	16	20	31	18	44	13	21	33	33	32	63	43	52	57	45	48	31	40	39	51	31	16	38	34	30	28	50	30	20	48	34	15	39	42	31	26	51	57	28	18	42	30	48	16	46	42	39	26	34	15
39	36	57	48	50	56	47	40	33	42	38	31	30	45	42	42	28	36	57	28	34	63	61	26	56	27	30	21	65	55	54	78	28	23	49	31	56	43	17	33	58	25	30	44	17	27	42	18	25	36	15	47	36	38	61	42	36	25	38	27	37	56	25	42	50	39	23	57	23	19	30	36	14	36	45	30	35	18	56	56	19	39	51	58	21	20	53	51	51	40	49	53	48	31	35	30	46	17	37	45	32	39	42	24	36	33	36	31	30	22	51	17	34	31	16	19	58	23	42	21	42	20	15	35	48	37	47	36	20	19	30	46	23	20	14	54	26	43	48	35	44	36	48	42	47	60	26	20	30	34	35	51	47	50	20	39	40	30	46	27	39	55	25	20	21	34
13	34	48	51	29	33	34	34	56	33	17	42	17	44	33	18	42	64	39	26	29	43	31	55	19	31	47	32	55	14	42	21	35	31	32	29	30	36	42	55	20	64	61	44	50	55	42	49	30	36	36	20	36	13	39	33	47	14	31	19	51	54	27	20	57	21	21	35	20	28	18	78	48	27	26	26	38	43	36	34	51	29	29	33	33	35	31	52	43	45	47	16	33	65	29	13	49	31	49	34	29	17	38	21	18	60	15	16	29	31	21	58	47	42	42	31	20	34	55	31	40	37	39	59	32	34	47	33	43	45	30	31	32	35	48	35	42	64	32	35	42	61	37	56	29	35	42	36	78	32	31	55	35	37	15	16	20	50	34	57	57	44	19	39	19	56
26	44	56	36	48	32	49	31	42	56	42	39	42	34	42	23	8	32	16	31	48	20	32	23	35	23	40	30	56	30	38	49	47	47	42	44	36	32	48	31	30	39	34	48	34	29	20	51	14	33	19	19	54	47	43	42	33	31	56	48	45	33	30	36	50	27	40	40	39	29	23	25	36	35	63	36	29	31	19	63	55	59	31	19	40	20	40	20	43	51	36	52	14	30	54	30	14	23	36	48	51	36	42	15	65	49	17	49	19	48	19	25	38	29	18	60	8	19	29	47	35	61	42	35	40	47	31	34	23	14	36	59	49	32	29	16	27	40	32	31	29	37	26	39	31	44	40	44	55	45	31	47	17	49	13	34	59	18	37	25	36	47	63	43	14	17
34	43	27	48	47	47	30	30	43	34	61	40	20	31	42	27	39	22	29	36	54	42	42	42	30	55	15	31	38	55	42	40	63	49	29	47	40	34	26	51	25	36	59	32	56	40	18	36	17	42	36	21	42	34	48	35	48	45	32	35	47	51	31	15	51	47	21	32	42	31	58	25	47	18	30	19	32	36	8	36	49	42	34	17	38	30	55	51	14	63	42	36	40	29	51	42	52	54	19	31	51	30	28	40	32	31	50	31	57	17	43	30	29	32	31	29	58	35	36	31	59	42	31	20	32	49	42	53	50	47	26	35	15	43	40	26	15	15	17	19	49	44	78	50	19	20	42	18	40	30	31	14	15	34	14	47	47	16	15	17	39	25	50	31	31	53
26	34	40	25	30	21	42	60	31	42	28	32	31	21	49	31	28	42	34	78	24	29	33	42	32	26	50	31	21	36	36	32	26	15	53	37	44	35	39	48	34	55	40	32	18	50	42	39	23	39	47	29	13	34	42	44	40	32	43	43	58	29	44	18	44	15	32	32	42	50	17	40	47	36	34	32	51	44	16	30	61	42	60	27	44	27	18	39	44	29	26	36	44	39	34	33	55	32	25	13	42	56	21	31	51	48	23	36	25	48	30	31	8	31	61	33	49	15	34	36	34	42	40	34	24	24	45	46	42	48	32	20	37	34	38	18	26	31	58	34	30	35	49	39	29	38	36	36	47	13	49	52	38	42	35	47	37	34	43	25	48	22	47	14	38	14
28	44	45	27	25	49	63	32	35	44	21	45	42	78	37	48	45	45	32	42	64	36	42	8	61	47	31	48	27	38	36	35	35	44	31	18	35	40	42	32	8	54	52	31	36	21	43	32	27	59	28	51	36	46	31	42	17	40	35	44	31	42	42	58	36	52	14	20	20	78	49	35	32	8	40	55	35	47	43	30	33	48	31	32	27	58	26	65	17	44	31	50	32	14	49	42	36	32	55	33	61	48	8	42	33	23	17	42	56	31	65	30	42	20	45	54	38	34	27	44	32	36	18	51	36	39	31	34	27	26	19	45	20	42	53	36	20	28	21	14	48	29	26	30	25	61	28	48	49	64	57	36	38	40	54	47	18	28	26	16	45	25	45	35	18	26
47	18	25	31	33	33	39	26	49	47	54	25	33	48	28	8	16	25	29	19	21	36	28	31	34	39	55	43	38	35	33	44	31	32	39	42	57	61	44	48	19	29	21	32	34	31	23	31	53	17	31	31	40	20	22	33	20	55	33	29	42	17	55	47	40	45	25	32	39	45	53	50	15	36	51	51	55	60	43	19	25	40	36	42	32	8	19	14	48	35	45	47	27	23	49	44	49	43	32	42	14	64	16	13	42	30	56	33	29	23	13	48	32	49	56	26	25	17	43	47	42	50	47	14	34	30	13	59	21	18	61	55	19	42	17	55	42	39	43	36	44	48	34	36	29	61	43	55	35	20	64	51	45	30	36	34	26	17	33	14	51	35	42	35	23	26
25	38	15	19	31	59	16	78	15	56	21	31	17	34	31	14	32	55	49	20	40	36	30	35	47	36	32	40	27	32	45	33	37	27	47	56	28	42	14	17	25	14	45	60	15	55	25	44	32	35	30	65	60	42	25	59	27	52	16	56	20	55	53	65	42	42	25	29	32	50	47	46	32	15	36	30	43	54	36	45	28	32	31	44	65	32	43	26	30	50	31	34	38	21	20	34	51	36	23	78	19	39	31	30	45	29	36	34	39	44	43	35	15	17	18	39	26	39	50	20	21	45	29	25	32	29	44	15	44	64	78	55	35	47	51	14	31	34	47	48	17	40	39	51	36	42	58	30	34	14	54	16	42	43	34	44	51	20	63	46	31	42	63	32	51	51
30	25	56	78	25	48	20	35	54	57	15	47	28	34	57	24	13	56	32	52	35	35	23	46	43	30	21	47	16	32	47	19	34	34	47	13	31	44	39	32	28	78	43	28	36	61	56	55	78	36	48	24	32	51	49	20	31	39	32	23	25	49	32	15	49	38	31	40	47	31	34	15	64	36	56	31	31	46	49	42	42	14	26	29	55	22	34	8	21	31	33	19	13	31	56	32	18	49	19	20	21	43	25	47	47	39	34	45	47	78	58	39	29	56	36	15	42	25	65	40	61	20	38	42	27	35	51	51	31	42	35	48	48	27	30	55	26	47	29	40	18	55	39	38	36	23	47	58	20	57	40	39	31	63	43	26	26	37	32	18	48	49	51	48	35	54
44	47	19	65	31	31	55	44	30	64	47	18	49	32	21	39	40	51	19	28	30	27	42	48	39	42	22	32	51	14	23	29	55	31	47	18	31	61	42	40	39	19	31	39	33	40	19	17	27	18	16	47	35	23	49	34	44	18	50	47	49	45	59	31	35	47	35	20	31	33	35	27	23	13	36	16	44	35	60	32	30	50	29	42	31	27	38	35	39	64	42	49	37	55	15	38	61	40	63	59	78	46	39	55	36	56	25	53	65	57	57	45	37	38	39	32	40	43	26	50	26	20	32	29	58	46	26	47	31	42	28	43	43	31	31	32	48	25	38	35	56	56	28	29	19	48	34	16	42	20	27	34	31	53	38	36	31	47	40	25	28	42	25	39	16	24
47	24	24	34	30	31	42	13	20	35	29	44	37	34	20	14	54	19	15	29	78	34	65	32	29	42	20	32	16	39	20	44	31	8	31	19	49	50	36	27	25	34	20	31	36	25	50	46	36	27	39	34	42	33	51	15	48	14	31	40	36	46	31	65	29	17	78	19	20	42	38	36	21	22	42	42	30	47	49	8	50	29	44	35	55	20	31	36	30	15	54	30	56	16	23	47	65	51	42	34	49	55	50	17	31	18	42	61	19	20	32	43	40	40	44	49	44	35	61	39	44	35	20	45	36	20	65	30	31	20	31	23	20	31	42	29	35	43	35	51	40	29	43	32	36	35	29	30	17	44	15	43	47	31	35	26	42	39	25	30	29	38	43	40	15	55
48	22	55	21	22	51	42	19	47	14	51	55	32	16	26	43	56	42	31	47	31	32	54	63	45	30	51	34	36	23	43	20	42	38	44	32	25	50	42	35	48	27	39	51	42	48	29	47	26	47	29	25	24	40	16	29	16	36	36	36	36	30	42	56	23	50	31	59	38	21	49	47	33	26	27	42	48	28	32	24	55	34	40	37	48	17	35	54	45	27	20	78	36	42	30	31	16	55	32	49	15	29	45	30	30	16	36	26	47	36	36	39	45	17	48	26	31	25	29	37	19	37	33	29	51	16	45	37	40	20	35	42	19	26	23	64	59	31	15	32	13	8	49	29	55	51	38	51	14	16	64	38	19	55	54	33	44	31	55	32	42	42	55	47	39	27
60	32	31	14	26	50	42	25	55	42	32	20	33	30	44	49	42	27	26	29	31	51	35	15	30	28	34	37	34	33	35	20	54	44	47	51	37	35	31	55	56	51	47	29	40	47	36	78	42	40	29	55	30	43	21	19	30	42	47	78	30	40	40	56	42	39	27	57	54	45	13	44	42	78	57	19	37	30	51	48	20	19	27	35	36	28	8	42	34	51	32	39	78	35	47	42	38	25	20	31	31	37	23	34	30	42	78	25	18	44	29	47	42	50	23	47	49	22	23	37	26	14	32	65	20	42	36	31	48	19	42	40	61	15	14	42	25	42	45	47	47	40	18	27	49	33	30	45	39	25	32	42	61	42	56	27	21	35	54	55	57	23	55	43	40	31
22	20	56	26	22	36	28	30	37	51	43	31	28	53	40	32	57	8	58	44	49	55	45	32	27	56	34	45	34	39	31	34	36	32	20	59	57	46	17	35	18	61	26	42	35	15	47	59	17	42	35	47	31	16	32	38	14	28	65	45	34	51	27	18	16	38	22	47	23	30	21	32	51	38	39	29	18	17	26	47	23	22	30	25	55	44	54	47	61	51	43	24	49	40	35	45	36	35	34	28	35	22	31	36	60	51	25	57	14	44	33	45	16	56	44	33	39	29	29	40	44	51	36	47	40	33	21	56	31	44	38	18	20	56	59	29	57	33	18	54	29	30	29	48	61	28	36	42	34	19	35	59	32	24	58	31	33	26	48	17	25	23	49	26	31	51
20	60	20	35	44	35	18	37	78	36	39	24	36	43	47	31	35	48	33	16	53	31	39	36	38	35	50	31	42	31	53	35	26	45	49	52	33	57	20	42	38	49	36	78	36	26	56	58	60	37	14	57	42	32	32	27	16	38	47	16	47	53	17	26	31	45	49	48	34	17	31	36	55	61	49	17	47	32	51	22	40	35	27	18	61	26	31	44	26	21	15	49	51	28	63	17	20	17	44	48	44	19	25	30	30	35	56	14	43	40	45	44	32	49	58	33	52	49	40	56	58	20	57	33	40	78	38	20	35	57	40	45	26	20	38	65	35	36	19	40	40	51	39	22	37	51	32	36	42	30	34	55	17	53	43	31	27	30	47	30	34	30	55	36	32	39
50	34	39	44	49	58	38	30	20	50	36	47	28	36	64	48	30	31	35	44	29	42	26	29	47	31	36	47	40	51	44	46	44	25	27	31	30	26	51	31	52	23	32	36	36	32	51	42	32	57	51	36	58	40	17	39	58	36	38	26	17	34	17	45	31	47	8	38	34	57	42	38	42	51	55	57	50	29	36	15	40	34	48	31	31	38	54	31	21	60	42	55	34	38	42	36	48	47	33	38	14	39	24	65	25	21	38	21	42	36	38	51	35	30	43	20	56	52	63	47	39	31	25	43	47	56	40	36	19	35	27	26	36	20	39	57	42	42	42	42	35	34	31	15	22	47	29	18	35	29	31	56	56	33	47	21	28	47	38	35	34	27	17	42	34	34
52	40	47	30	34	78	47	37	17	54	20	39	42	39	50	25	42	39	64	46	32	55	24	45	30	56	26	26	47	58	30	21	26	27	29	48	49	46	20	38	37	36	33	35	30	31	18	61	26	31	56	49	33	36	16	25	42	49	30	33	31	64	14	33	29	51	64	34	17	14	49	31	40	33	44	65	44	45	35	34	51	45	15	57	44	21	51	56	30	26	35	32	20	30	50	39	19	46	61	22	31	45	38	42	35	14	46	49	47	53	51	40	30	31	44	47	17	28	32	19	36	61	35	51	61	34	29	43	36	20	15	29	42	33	59	49	64	35	49	61	51	33	15	19	30	23	42	28	35	42	51	35	48	39	34	42	38	17	26	63	36	17	31	57	36	28
17	47	44	29	35	21	36	47	56	48	40	52	44	37	38	57	42	26	46	31	36	28	65	19	34	31	42	44	33	27	33	15	63	49	48	39	39	30	55	39	64	51	25	31	20	52	23	34	47	40	31	21	51	51	40	27	28	35	39	49	48	35	34	25	26	31	42	17	17	17	47	40	35	47	27	17	36	32	54	24	55	29	32	51	20	57	35	43	58	78	28	28	33	37	17	56	19	40	33	34	61	35	27	26	27	18	57	35	48	55	63	33	78	34	26	51	54	35	29	38	36	19	36	30	25	8	42	21	52	38	48	30	25	40	26	40	17	30	42	13	36	8	34	27	17	33	39	43	49	39	50	33	56	49	47	30	35	51	25	19	15	57	48	45	36	55
35	34	27	55	51	44	34	50	20	43	36	54	32	54	15	31	42	40	29	40	43	42	47	36	47	19	16	52	33	42	33	31	50	15	44	54	40	50	31	19	34	45	40	55	25	29	32	31	31	42	29	56	48	32	47	57	36	40	31	25	42	32	36	49	27	20	34	29	54	17	48	47	56	65	52	39	20	57	30	25	28	25	39	26	48	40	51	38	42	44	56	60	35	25	36	53	54	17	42	44	34	34	50	51	51	14	48	30	47	30	30	48	29	36	49	8	25	44	34	52	51	27	30	20	40	47	40	24	23	36	47	51	32	38	17	47	47	40	34	49	26	35	53	61	46	16	51	17	57	8	35	43	36	8	36	43	29	54	42	44	31	34	32	35	38	31
42	45	43	44	42	26	22	53	42	33	40	43	35	51	54	13	48	15	30	43	39	42	51	31	55	8	40	34	64	31	50	44	38	29	40	56	34	63	78	15	43	40	47	63	31	53	30	43	32	29	14	35	30	42	32	48	30	40	61	29	31	32	15	31	25	39	31	31	32	27	19	49	45	51	40	39	42	51	17	78	34	31	35	45	28	22	19	31	40	34	56	42	49	51	42	45	38	32	54	19	22	49	42	20	29	48	20	15	50	17	34	33	16	28	50	45	31	55	61	55	14	28	55	35	30	17	34	34	34	29	29	55	17	53	40	38	42	16	40	53	56	36	39	20	21	51	34	49	32	15	40	51	33	45	31	36	42	31	16	26	31	14	35	49	35	31
55	17	32	29	32	49	30	19	17	44	55	47	51	56	31	63	39	26	56	31	44	14	25	36	54	36	29	35	35	36	38	48	32	54	39	25	56	26	44	31	52	43	52	51	30	22	55	25	29	25	29	31	36	48	54	43	40	61	34	23	21	29	31	57	31	30	52	47	29	54	15	61	56	34	36	20	31	15	48	45	42	64	33	48	15	34	24	52	57	36	19	40	31	26	31	36	40	44	21	54	42	33	32	44	32	51	24	16	51	45	35	52	27	8	35	44	38	20	31	39	32	48	40	23	50	39	44	30	49	63	35	36	31	35	15	45	36	33	33	36	17	38	34	47	63	31	32	35	29	38	51	35	38	32	17	57	47	34	50	43	52	18	42	42	28	39
42	16	58	47	42	64	55	45	19	19	40	17	39	42	38	35	51	55	45	51	21	39	61	29	27	32	8	60	20	26	31	33	47	42	43	48	29	35	16	48	42	32	13	36	31	29	30	47	37	31	55	51	38	42	17	36	47	48	39	32	49	45	45	31	51	44	18	32	36	45	33	45	47	37	27	35	65	50	23	40	37	40	38	31	40	8	15	60	17	58	57	15	44	15	36	43	31	30	30	16	42	35	19	19	56	27	45	26	55	36	44	42	40	36	31	50	15	33	34	17	43	23	56	33	44	43	38	42	27	40	42	15	39	51	28	29	19	32	59	20	30	61	42	32	35	37	50	36	42	51	29	51	48	55	46	31	15	36	52	45	24	34	44	42	64	25
33	36	43	48	43	34	23	48	32	18	34	56	28	53	45	51	44	26	25	20	20	14	35	57	27	35	8	20	28	63	20	36	32	48	32	48	45	25	35	39	36	42	29	42	36	57	42	21	32	52	27	54	8	47	36	56	29	21	24	33	37	26	29	36	64	34	29	55	33	34	38	51	35	32	27	47	33	45	33	35	39	34	36	40	32	36	49	24	31	61	64	44	20	47	36	25	26	40	44	22	51	47	42	51	33	17	26	33	26	35	26	61	19	36	32	13	39	19	31	38	37	45	47	42	25	55	40	29	51	42	35	44	27	19	31	16	48	51	33	49	40	40	54	43	47	29	20	20	55	28	29	59	31	31	42	47	22	29	43	51	44	47	42	30	33	20
36	52	49	51	40	44	43	33	38	32	40	34	31	33	42	32	33	20	42	36	48	40	40	42	42	51	42	36	42	31	30	36	48	33	16	48	33	16	44	48	55	33	29	31	56	16	35	27	64	52	23	35	31	36	23	36	27	37	53	48	17	48	36	36	31	32	35	35	19	34	33	45	60	20	19	44	39	26	47	55	49	23	56	22	32	18	55	32	15	36	40	29	56	21	44	19	61	31	17	40	44	49	47	60	17	57	39	38	59	14	42	47	63	50	47	26	19	57	43	60	15	56	30	45	48	47	17	42	45	44	39	36	44	56	38	51	14	42	59	20	17	25	39	15	35	33	29	23	36	45	26	43	61	31	36	49	60	29	38	29	16	34	27	28	47	36
35	35	50	49	31	37	34	31	44	42	16	51	21	35	29	24	25	28	58	31	50	36	50	19	20	33	42	44	42	49	45	36	44	54	44	48	19	36	30	32	15	35	47	15	32	35	38	32	50	44	16	30	47	48	18	31	27	42	42	30	34	31	49	57	15	49	38	33	51	33	34	36	42	48	51	47	36	26	47	43	42	35	37	65	44	31	28	28	49	27	60	60	14	36	21	13	42	32	42	33	49	56	8	30	33	42	26	46	35	42	20	58	29	34	26	38	25	42	40	47	36	25	56	45	25	20	47	47	33	43	19	30	26	49	36	37	35	24	29	54	53	36	32	36	35	21	39	48	64	29	30	32	33	48	26	29	46	48	55	40	49	20	29	48	40	32
50	40	15	32	35	35	27	43	30	15	42	36	42	65	49	43	24	30	35	13	25	25	28	18	32	31	31	34	59	34	21	57	39	78	39	36	14	38	54	32	58	61	34	35	42	31	13	20	17	17	44	19	55	63	34	29	21	39	53	14	16	31	45	29	51	22	31	55	42	15	40	17	45	44	49	37	55	55	58	38	39	22	16	26	36	38	44	45	37	51	29	23	32	40	13	36	36	42	43	27	61	18	56	78	55	40	26	39	34	30	32	30	31	61	46	19	49	25	35	54	25	20	30	57	21	35	25	53	21	49	32	16	55	29	32	30	27	40	19	36	43	19	45	42	39	49	51	16	31	56	31	60	26	34	42	16	42	45	37	51	55	38	42	36	18	55
19	63	30	14	36	52	50	25	48	40	15	19	40	29	25	46	26	38	30	29	47	31	34	35	32	34	31	17	48	42	35	54	31	49	35	54	78	55	57	15	36	65	48	55	19	42	45	48	28	42	13	29	45	44	58	28	32	55	38	27	23	34	35	20	15	36	20	24	35	48	25	17	31	46	39	57	44	36	60	14	40	35	39	25	45	40	17	45	44	56	42	34	39	30	36	18	43	55	64	49	32	19	60	65	18	24	60	32	17	26	30	48	39	21	26	43	35	17	20	44	42	48	30	49	25	24	58	49	30	26	23	42	8	35	43	55	20	42	55	57	13	31	40	40	36	20	61	64	30	59	15	20	20	29	28	19	47	33	17	57	42	37	36	20	17	23
30	38	63	44	44	32	29	37	54	35	60	54	32	45	56	39	33	25	35	50	39	30	51	29	78	27	57	31	36	34	30	42	29	39	20	47	36	51	58	40	38	45	32	44	32	49	43	36	31	42	31	20	38	31	32	51	36	36	50	65	44	61	53	35	17	47	32	49	47	54	24	35	51	27	48	36	35	28	24	16	20	50	33	34	45	78	35	20	34	51	59	19	43	30	31	31	18	19	13	47	15	44	27	25	20	19	61	54	58	15	35	35	31	15	55	29	26	35	38	17	50	13	34	18	30	29	51	51	29	36	29	29	45	27	31	35	35	47	55	27	60	65	36	34	25	20	52	36	38	40	54	57	16	38	29	30	40	51	18	36	39	63	49	23	55	18
35	33	31	24	48	23	20	47	18	31	51	29	34	36	36	21	47	27	54	17	30	40	30	29	44	30	33	34	34	32	31	16	19	36	18	31	13	15	19	55	56	55	43	42	45	25	50	36	17	55	56	17	29	19	45	35	36	36	44	64	51	35	25	35	27	15	22	15	47	50	29	28	27	47	16	13	42	35	57	39	36	20	58	20	60	52	40	45	27	48	23	48	21	43	42	33	54	55	8	58	37	45	25	44	17	47	19	43	16	27	18	38	36	43	52	38	49	49	19	35	26	40	23	51	78	51	38	44	42	36	55	55	40	36	17	48	38	36	55	34	38	37	25	32	30	17	27	78	40	36	14	14	34	50	20	34	19	48	19	51	52	27	31	34	38	40
26	8	32	16	55	13	61	35	53	29	27	39	25	26	26	26	21	25	33	36	20	55	21	30	31	49	33	36	36	25	30	42	20	35	29	25	29	40	35	36	32	33	49	37	42	36	42	29	45	53	43	57	42	59	30	51	43	17	38	49	32	35	30	50	13	48	61	32	37	35	29	38	54	36	45	32	36	14	35	37	31	17	32	56	21	44	45	55	49	40	51	49	19	50	19	43	63	57	51	39	15	49	55	50	28	42	36	31	35	37	26	28	32	47	38	34	26	35	50	48	47	23	17	20	43	36	25	44	31	33	56	47	45	31	47	39	52	13	32	55	26	40	55	33	46	46	27	14	21	29	55	34	45	49	51	52	14	42	16	54	30	54	32	31	19	56
15	49	51	54	21	55	36	25	49	33	42	26	42	42	32	47	32	31	29	56	38	30	18	36	33	38	40	60	36	13	55	36	19	25	51	33	44	31	40	26	55	42	36	19	24	39	30	61	29	20	51	52	36	55	32	29	61	20	55	36	50	47	48	50	14	8	25	20	21	17	50	35	17	16	47	13	17	51	48	47	45	29	56	37	51	50	53	23	25	55	24	14	34	31	42	63	61	17	22	32	47	25	21	43	40	47	16	32	52	25	14	29	35	33	40	57	20	17	15	15	25	34	27	43	19	44	57	42	59	36	57	53	28	14	40	45	32	37	65	33	42	23	30	34	52	20	35	31	52	35	49	32	42	36	44	14	40	60	19	38	32	47	35	32	36	33
13	40	15	33	8	15	47	25	51	30	47	60	44	36	29	39	17	36	31	54	44	14	46	42	55	24	35	42	55	52	51	32	15	40	22	47	57	51	39	44	53	48	47	18	42	15	57	47	43	35	34	19	51	36	31	51	31	33	56	56	37	34	42	40	31	29	43	17	54	40	16	49	26	57	25	32	26	33	40	36	51	23	20	43	31	31	28	51	20	21	30	49	19	31	39	44	27	54	30	65	34	35	33	14	44	31	30	45	44	26	44	39	18	32	31	53	51	38	48	51	31	42	32	18	23	38	29	44	35	55	32	34	31	27	55	15	51	22	19	37	15	23	44	43	36	32	36	39	15	40	39	39	59	57	60	35	33	15	23	40	53	47	44	34	33	47
36	36	31	26	20	49	16	47	36	18	40	28	78	47	31	42	49	49	25	42	42	47	49	54	8	26	51	55	13	60	51	42	42	57	23	43	31	42	32	18	48	29	21	37	26	44	17	38	19	42	38	51	29	23	46	49	48	36	19	30	51	56	36	35	30	53	24	8	27	49	55	34	40	19	32	30	48	35	29	40	22	44	31	55	43	14	44	31	29	31	13	44	26	16	29	49	48	47	52	40	25	52	23	34	36	36	8	23	19	25	39	39	31	48	27	25	45	36	32	31	55	20	33	40	25	50	29	50	31	30	31	20	40	31	31	18	47	18	40	37	29	17	54	36	42	15	30	34	40	18	13	50	42	50	55	42	40	48	20	49	36	46	43	40	48	26
43	51	23	65	37	17	47	31	30	29	51	48	30	58	56	43	31	31	49	31	39	18	44	24	17	57	36	42	57	61	51	40	40	15	39	42	13	39	30	42	15	54	27	33	47	39	25	30	40	25	56	23	21	42	40	55	51	29	31	33	57	32	34	55	64	27	33	55	55	48	18	44	26	45	55	30	49	35	47	36	14	37	57	20	42	34	49	29	42	40	28	36	34	34	29	20	14	17	36	43	19	25	78	25	17	23	18	60	31	34	32	32	44	36	20	47	31	33	31	31	25	42	27	44	33	36	44	16	42	28	28	26	36	46	34	40	39	42	31	42	42	23	31	34	40	56	19	61	13	42	34	32	57	30	14	35	35	29	42	42	46	35	32	39	40	35
59	48	17	31	26	64	20	31	26	42	36	42	32	42	21	26	51	36	49	55	19	34	47	32	59	49	64	13	31	21	19	20	31	61	31	50	45	44	42	34	45	51	17	27	78	34	39	61	40	42	32	16	40	57	30	15	21	23	8	39	40	16	59	39	22	20	61	43	34	15	52	36	57	15	23	33	20	31	48	52	31	42	33	29	31	60	32	50	51	35	20	48	25	40	19	54	17	33	55	34	57	35	25	34	16	35	38	32	35	50	39	44	39	29	30	54	31	29	34	27	49	22	27	36	18	36	51	23	53	50	64	40	28	50	46	18	31	20	35	31	55	22	45	42	42	65	38	48	17	34	42	29	50	47	34	31	36	43	48	47	23	31	63	36	42	44
44	36	35	64	40	33	35	60	20	38	55	45	19	35	28	14	57	58	42	34	18	29	37	37	47	42	34	61	23	39	20	39	19	30	31	47	42	51	8	61	26	40	64	51	19	44	21	36	17	51	29	51	30	45	47	78	56	44	42	33	33	34	35	47	31	43	40	20	31	32	20	40	30	40	27	15	32	60	54	34	21	54	40	25	31	57	29	59	35	42	42	48	54	36	8	26	57	43	63	51	65	45	33	20	26	23	55	45	36	33	56	31	26	40	47	25	38	40	43	31	32	32	51	22	36	56	33	40	33	61	47	47	51	31	48	35	45	34	57	50	26	38	50	17	35	20	29	45	36	31	40	31	33	26	38	35	37	55	35	60	52	40	29	47	36	61
22	42	34	45	20	29	56	54	37	32	34	47	56	42	42	20	49	15	24	27	30	49	44	29	16	56	20	31	25	61	64	15	42	42	39	31	40	16	39	42	32	39	47	25	55	33	15	20	26	61	28	17	31	56	55	33	8	21	20	28	16	47	30	55	20	39	50	33	26	64	30	40	30	58	29	38	27	17	37	38	32	49	33	56	42	34	51	57	48	15	35	35	35	43	56	65	34	49	42	52	21	51	51	43	20	51	34	19	25	48	50	54	54	30	45	14	32	27	31	45	54	14	61	40	42	43	36	34	31	16	21	42	30	32	22	38	39	34	31	38	50	61	31	32	35	33	19	8	32	40	42	54	31	30	22	36	38	35	29	31	29	42	36	17	16	29
49	34	47	17	39	38	40	40	45	25	20	35	34	49	33	25	59	36	32	26	19	29	44	53	36	65	30	34	34	43	35	49	31	56	42	33	26	30	51	17	42	21	47	56	21	51	35	40	21	36	32	39	17	49	21	30	48	42	17	50	36	14	48	48	42	16	42	20	49	35	27	34	39	31	14	33	29	14	20	39	42	32	35	14	20	44	30	53	27	53	51	36	34	18	48	14	32	33	20	15	20	40	55	36	51	20	42	33	31	31	36	33	37	54	56	35	51	51	38	31	22	48	39	55	23	35	48	45	38	49	57	34	56	36	51	32	51	8	56	39	25	40	51	51	21	29	50	37	56	18	27	29	38	40	19	42	42	36	33	35	51	23	51	36	18	42
51	49	51	34	43	46	57	42	38	38	33	13	38	57	29	25	29	53	54	24	44	26	55	47	64	45	51	34	33	59	36	45	26	65	34	49	65	36	36	35	36	21	31	19	25	23	30	48	14	48	34	58	36	29	51	19	31	25	28	39	44	49	33	17	25	32	48	30	19	30	55	29	42	14	35	52	65	49	34	36	30	25	51	17	18	8	16	26	36	39	47	51	38	20	34	30	14	51	51	42	25	17	18	51	27	32	36	59	43	19	26	47	49	29	63	30	20	54	31	31	20	26	65	28	36	25	20	30	57	37	21	58	26	54	28	36	49	45	20	45	25	49	64	32	45	36	17	45	48	19	23	32	36	56	8	34	23	60	30	14	42	49	45	35	17	32
16	55	64	42	18	46	45	55	36	19	54	36	38	31	60	57	45	31	47	31	78	42	24	36	47	49	34	53	37	38	17	21	36	35	48	50	49	34	36	31	18	60	38	30	39	47	53	24	27	55	23	58	42	36	42	30	51	39	36	21	27	31	32	15	29	31	43	55	27	47	45	21	15	20	51	43	26	26	32	43	17	55	26	34	24	44	40	23	60	38	39	78	42	38	29	23	19	47	35	43	15	30	49	31	56	26	36	14	27	44	19	32	55	25	31	36	48	61	25	35	34	36	19	25	55	35	33	45	65	14	25	39	78	39	39	20	26	15	43	36	43	32	33	38	54	31	30	29	31	37	52	35	33	34	38	51	33	51	55	39	51	30	35	57	16	31
42	15	21	47	15	43	32	20	45	48	46	32	36	44	42	55	32	40	26	47	33	29	20	35	24	48	29	43	48	29	49	16	40	61	52	31	31	32	17	22	51	36	27	28	34	40	13	26	53	31	20	49	29	47	40	54	22	42	56	17	15	42	17	20	50	45	8	34	42	35	47	42	19	53	17	49	27	48	28	49	31	58	36	44	40	18	33	38	29	58	14	51	14	48	47	33	52	42	40	20	13	15	49	34	23	36	42	31	42	28	30	40	34	49	25	33	54	35	49	53	32	15	29	34	27	26	38	16	34	19	38	42	27	63	78	44	31	20	57	30	48	37	38	32	17	31	36	32	39	34	25	44	17	35	56	38	38	32	19	40	31	15	20	35	34	20
40	29	40	42	36	44	17	17	15	19	14	43	25	63	78	20	50	32	49	36	37	21	46	47	45	49	49	21	20	54	47	42	44	40	43	35	48	33	49	42	32	42	26	40	58	63	51	31	32	19	18	50	38	36	60	26	37	26	25	26	34	17	30	55	42	23	45	13	36	37	32	51	30	39	47	47	32	32	16	14	42	8	49	20	60	19	78	32	47	15	33	31	45	38	26	32	63	56	34	14	36	61	20	51	35	32	42	35	45	48	31	52	32	54	51	33	36	48	27	57	40	78	37	34	78	45	36	43	18	43	51	26	36	44	17	50	32	22	46	29	15	47	25	55	44	36	14	49	44	50	27	23	55	35	38	39	44	26	55	42	26	48	35	38	25	51
31	48	39	57	33	51	17	54	31	38	30	32	38	25	31	47	42	47	42	14	37	55	24	40	35	27	32	54	45	42	36	78	29	20	33	31	29	38	14	19	42	29	26	60	48	27	35	57	33	37	32	8	34	36	30	8	45	26	47	61	31	36	42	63	26	55	26	61	24	20	30	32	36	64	43	14	30	35	31	46	55	18	42	25	15	17	35	20	61	26	42	31	49	31	35	61	30	39	30	29	48	23	33	19	42	57	39	54	38	48	39	30	29	33	17	17	45	40	32	33	49	16	32	34	31	37	50	19	51	42	45	31	35	64	42	26	31	29	48	36	27	27	51	25	49	43	42	22	18	29	36	45	28	30	55	29	64	47	40	31	25	47	50	36	17	35
42	34	21	36	40	40	56	38	56	32	42	20	17	47	31	54	36	31	20	34	19	37	42	15	36	21	51	25	21	40	38	39	13	48	25	33	38	42	56	49	44	38	48	14	38	42	14	30	44	45	19	36	37	51	38	32	17	36	36	13	18	42	42	36	32	33	60	28	31	42	16	44	59	48	63	40	47	42	59	29	19	78	31	37	31	15	40	61	57	30	30	32	48	18	21	49	13	64	30	30	36	52	31	54	48	40	31	46	35	42	40	51	27	44	51	17	60	13	47	31	36	32	17	19	38	55	14	13	49	26	48	61	78	33	48	33	13	17	30	34	43	30	45	43	36	78	59	40	42	40	56	15	25	44	42	44	38	15	19	17	56	33	18	40	32	55
20	30	29	16	51	20	57	29	47	40	35	51	18	42	30	32	16	42	54	51	26	44	20	8	34	36	36	31	57	47	28	30	31	55	47	27	30	19	19	14	16	30	31	33	21	38	42	40	43	49	38	20	19	20	20	33	57	8	64	59	48	17	36	51	31	35	39	32	21	32	26	40	42	32	21	29	54	40	27	26	56	40	42	16	49	20	26	59	26	35	14	48	42	48	38	28	28	36	39	26	36	29	43	44	35	35	42	38	34	19	31	24	44	30	54	16	30	26	31	28	31	36	15	38	49	36	39	16	78	31	25	44	35	14	33	38	19	28	14	56	40	36	51	34	51	31	36	29	33	34	32	29	40	50	58	44	35	55	35	28	29	48	20	49	20	51
45	52	54	24	33	32	19	26	34	35	28	37	27	26	50	36	33	17	25	44	49	43	42	26	31	39	52	34	35	35	16	23	36	42	31	42	29	54	35	32	26	51	14	30	26	32	31	28	43	40	31	25	50	18	47	32	44	36	42	32	20	26	38	23	38	20	36	21	47	39	26	34	35	26	43	20	40	45	36	32	38	34	47	51	42	27	30	16	35	42	31	33	13	54	26	34	51	78	30	42	43	63	78	33	21	26	78	31	31	36	40	22	25	55	45	36	39	78	16	25	27	18	51	29	33	33	32	31	29	40	17	53	14	54	39	14	26	33	40	54	15	17	63	58	32	43	31	20	60	32	28	43	28	46	54	26	15	47	55	28	40	42	48	31	43	43
35	35	18	21	42	27	45	42	49	47	53	50	15	22	31	42	31	16	47	59	33	16	31	38	40	55	30	38	42	17	37	33	38	50	45	16	14	29	29	38	36	34	38	36	31	42	40	48	34	35	25	37	47	34	40	49	42	53	26	29	36	57	31	30	20	21	31	30	55	38	42	35	49	50	42	32	34	31	63	57	30	36	32	35	36	59	36	36	54	63	18	17	32	39	45	33	51	48	49	40	33	45	44	42	31	48	60	23	34	56	30	20	31	42	33	45	38	34	42	47	26	19	40	65	58	8	36	40	32	32	49	49	63	13	29	36	35	60	55	28	55	26	39	42	15	50	60	78	22	33	31	42	30	42	30	40	38	21	57	26	48	33	35	39	40	48
31	18	23	17	25	17	31	24	43	33	36	55	35	42	36	32	25	20	27	57	40	37	21	40	55	20	20	45	31	31	17	34	60	27	38	49	14	29	57	31	30	34	51	55	47	20	35	31	35	48	36	33	36	29	34	17	33	39	33	47	42	39	20	15	34	55	26	51	25	61	26	19	32	50	37	59	40	57	50	17	55	40	26	33	39	31	48	47	29	51	35	42	27	40	31	42	45	30	47	63	42	31	47	51	43	64	54	25	49	40	47	38	31	47	23	28	52	47	30	58	37	26	60	50	36	34	31	48	28	32	39	39	31	60	27	32	18	33	51	38	17	36	38	34	40	40	78	27	25	49	34	47	49	57	42	40	29	26	55	30	58	8	26	31	22	35
51	36	40	29	42	52	38	51	22	17	42	32	46	30	32	15	14	19	42	25	29	15	30	49	42	33	36	58	35	63	47	48	47	33	30	37	34	47	21	40	32	25	16	37	36	15	23	32	30	42	47	30	15	42	47	49	38	48	36	35	25	54	78	34	43	35	32	42	26	34	27	15	42	33	61	54	8	27	25	43	17	17	42	65	51	36	56	23	48	35	20	20	33	29	31	39	31	61	27	49	42	20	33	50	33	47	37	32	36	26	34	56	48	31	51	27	15	61	42	29	33	31	42	20	36	35	34	15	36	32	47	36	19	20	14	65	20	44	39	49	40	52	19	39	20	47	63	35	32	18	34	42	25	29	50	36	55	48	45	40	35	30	39	55	27	28
51	29	26	34	31	53	30	44	63	65	42	53	20	33	20	26	32	25	48	47	27	44	28	42	42	50	13	49	38	13	30	19	48	24	51	26	42	27	17	16	48	42	48	27	26	34	50	19	22	32	48	20	49	20	42	17	35	51	25	51	40	44	54	39	34	35	34	42	37	57	25	58	36	35	18	21	26	51	48	55	55	55	37	19	36	56	31	49	31	42	55	29	29	29	20	17	46	21	55	51	29	34	42	33	20	32	44	28	49	24	51	48	20	29	16	17	29	31	60	36	26	49	29	48	36	29	13	48	43	54	30	48	20	52	36	38	56	47	38	65	30	44	40	42	39	31	49	51	78	47	55	29	56	20	19	51	32	19	45	42	31	39	27	47	39	45
25	51	33	23	42	16	36	34	47	51	58	36	42	28	16	35	42	47	30	42	55	32	55	19	42	54	39	25	36	44	39	50	40	55	59	34	23	48	32	31	31	47	17	65	58	35	49	38	30	32	57	51	49	52	17	47	27	16	35	35	44	36	21	42	38	29	78	42	48	51	20	32	20	50	31	29	15	31	31	35	42	55	36	35	47	35	20	36	27	35	36	61	35	30	44	51	31	36	37	42	42	56	35	34	50	17	22	36	31	35	43	20	26	26	47	42	47	23	36	31	57	59	16	40	51	23	56	26	36	51	31	8	44	30	47	17	34	37	36	51	18	42	39	40	47	32	14	31	14	21	40	34	29	36	54	51	13	30	35	59	30	34	32	34	42	42
44	14	23	50	38	25	51	20	23	18	43	38	30	20	44	51	39	61	26	39	47	17	36	16	31	34	25	32	31	40	18	25	46	30	38	36	31	31	20	16	30	49	34	38	55	40	49	38	27	33	17	78	55	20	20	35	14	55	16	42	35	32	36	58	32	18	42	39	60	39	37	42	31	40	36	40	31	37	30	63	31	37	34	63	31	37	30	65	43	24	52	35	17	20	18	31	47	34	31	54	23	36	18	43	49	52	31	25	58	32	39	30	15	55	54	39	49	42	33	64	27	49	35	44	31	36	38	28	52	44	39	31	16	39	8	34	56	33	15	17	55	8	20	78	31	49	42	38	65	78	40	55	27	20	51	43	36	31	45	56	35	35	39	35	32	30
52	35	51	25	43	42	36	35	18	40	36	20	20	31	20	29	40	31	58	33	54	36	32	44	30	42	27	15	32	34	50	31	49	42	35	42	29	36	31	40	47	18	43	37	27	14	59	31	47	55	19	45	50	15	19	64	34	49	51	56	48	35	51	43	47	44	30	57	31	17	57	51	56	48	59	43	58	56	26	44	20	47	26	51	40	30	14	38	44	32	29	32	31	33	31	34	56	38	29	39	42	32	42	38	20	40	54	34	36	40	31	20	39	26	16	42	57	48	15	26	35	29	21	50	19	42	49	40	51	16	32	49	32	32	19	25	51	42	49	26	45	19	42	39	37	31	40	27	36	32	31	30	29	34	38	30	29	30	39	16	51	13	36	18	42	42
56	30	45	44	49	17	38	44	61	19	35	51	19	44	32	15	24	34	42	34	47	49	31	40	48	47	24	18	60	45	51	38	47	30	19	38	57	27	29	42	51	29	16	48	36	47	55	33	48	17	34	19	45	51	42	24	55	36	47	47	29	44	53	16	20	36	40	31	59	57	37	36	15	13	49	38	39	57	51	31	20	44	40	61	35	44	59	25	26	58	38	36	39	51	24	39	42	20	40	42	15	49	59	54	20	44	19	44	61	14	40	36	8	29	36	35	39	26	35	18	16	36	44	50	53	32	65	49	44	40	28	25	49	25	32	30	15	55	30	31	19	28	18	43	16	21	31	27	17	48	42	33	45	31	38	32	20	28	20	42	42	57	14	42	20	31
19	8	63	61	45	26	39	51	18	19	28	40	43	35	36	28	17	35	8	17	51	17	48	51	60	42	31	22	55	49	22	47	18	50	29	58	36	39	32	44	56	57	48	32	39	42	8	31	27	50	27	42	24	45	55	25	42	40	20	42	26	43	30	27	16	38	35	36	28	20	44	17	29	42	35	36	47	20	48	28	44	34	17	27	65	48	39	32	54	50	59	47	45	36	32	47	46	44	31	33	18	45	36	35	56	47	32	49	36	40	38	35	32	56	58	42	21	52	57	51	30	49	59	61	45	34	15	26	53	54	29	48	21	36	20	35	61	14	25	25	51	36	59	25	59	48	14	30	40	48	46	17	49	20	18	33	27	19	25	31	42	20	33	17	45	42
48	46	34	61	39	19	44	47	34	15	42	51	37	38	30	42	55	43	52	36	31	34	56	43	36	40	32	33	29	42	40	54	31	39	55	39	43	18	35	31	31	20	19	37	51	57	44	25	49	32	54	45	16	32	32	56	57	8	58	65	34	53	58	47	42	46	39	51	48	44	48	18	50	31	32	47	55	31	30	20	37	28	20	19	40	35	13	13	40	20	44	29	42	45	42	42	35	45	35	57	21	63	14	31	45	36	42	15	44	17	19	44	35	36	52	48	57	34	40	35	48	56	30	48	36	19	19	53	29	15	65	31	48	27	47	42	42	18	14	47	31	23	28	78	51	51	31	32	31	15	30	27	55	49	42	42	50	35	38	48	20	40	48	32	39	35
29	36	33	35	32	48	55	32	42	49	16	17	45	42	39	50	31	55	50	8	50	36	26	26	36	20	18	28	34	25	38	32	13	25	40	42	42	34	36	49	16	29	34	25	78	34	32	31	36	35	49	50	14	23	31	25	31	44	40	30	32	45	40	61	43	25	33	59	49	19	39	17	31	40	29	32	57	45	38	15	30	46	44	8	39	47	34	35	15	35	45	51	27	40	19	18	34	57	55	47	28	51	44	26	50	28	37	39	47	28	14	19	36	58	25	29	32	51	48	13	29	32	48	8	40	17	42	32	8	35	43	21	17	42	48	25	32	47	55	31	24	27	31	35	17	27	30	35	42	29	27	8	40	35	28	36	35	42	45	47	36	47	44	40	28	42
55	35	46	26	30	49	17	20	31	40	30	54	37	23	49	27	61	35	46	38	29	19	21	42	29	20	32	64	23	29	42	44	48	45	34	23	15	14	39	42	36	36	31	19	58	50	30	65	17	32	23	47	34	38	26	15	51	28	50	30	14	32	54	48	20	43	18	42	38	29	14	17	34	36	31	61	46	33	31	38	60	29	27	51	25	29	30	49	47	61	51	45	37	30	43	60	36	32	39	31	44	33	42	48	38	39	35	30	49	48	40	48	38	57	78	48	37	30	32	51	43	17	29	31	20	49	14	36	45	50	36	40	36	42	34	64	38	29	16	48	29	47	18	18	23	30	17	27	55	57	52	21	36	21	57	19	40	45	29	44	36	40	31	36	55	30
40	26	49	50	16	42	15	26	58	43	47	54	55	47	34	32	35	32	42	31	42	43	26	56	16	31	35	51	35	31	27	40	31	23	14	44	31	27	36	32	49	30	45	43	59	53	34	39	17	43	8	40	42	36	16	48	64	27	35	37	33	14	31	58	36	51	45	30	27	32	43	16	25	28	29	42	47	37	17	44	45	51	42	47	49	35	42	25	31	20	44	36	42	34	36	21	33	20	47	25	38	16	26	43	20	63	29	61	51	21	47	64	15	32	29	30	31	32	30	16	29	37	31	51	38	46	31	38	17	43	27	35	15	78	51	26	56	49	33	42	25	51	23	54	36	32	43	42	48	60	43	48	28	49	31	8	28	34	36	38	43	13	50	36	20	24
32	36	16	32	40	40	16	39	22	45	40	45	33	27	36	26	55	15	40	32	47	50	29	30	52	36	39	57	36	51	8	34	36	61	48	27	34	32	31	38	78	21	34	39	29	20	19	42	31	30	42	47	42	51	54	32	31	29	28	29	20	78	19	31	53	38	31	35	35	26	38	15	55	26	33	42	35	26	29	78	31	42	20	42	37	18	56	34	32	32	30	35	38	33	30	29	49	33	47	51	15	30	42	25	40	35	54	53	78	42	16	38	47	33	29	33	20	36	43	14	13	51	44	44	35	46	19	55	42	20	36	48	16	45	48	39	36	31	48	22	35	38	50	42	32	28	42	30	34	36	64	30	33	14	26	42	30	31	45	38	15	42	31	54	38	35
47	48	60	33	31	13	32	49	42	45	40	55	49	35	32	42	19	48	31	27	48	48	27	35	60	37	63	13	61	44	32	47	17	32	38	31	31	15	55	20	40	78	28	48	49	36	49	52	56	36	54	26	39	20	42	42	25	27	36	40	26	13	37	39	32	43	19	42	55	14	44	36	42	25	31	42	55	55	28	31	19	40	51	40	56	15	30	27	64	54	40	54	17	37	54	40	45	46	29	21	23	40	33	36	25	45	43	31	36	8	42	39	56	31	42	33	25	34	55	35	53	36	15	32	50	23	42	19	18	31	26	38	54	40	15	33	26	34	45	60	22	32	61	36	33	50	40	61	32	49	39	31	56	43	37	35	38	51	46	31	47	20	34	39	18	17
20	17	32	38	17	44	36	34	44	34	57	18	61	45	50	14	24	32	51	38	45	8	43	32	25	55	19	17	55	35	42	40	48	57	31	40	55	36	52	20	13	32	35	44	42	26	21	43	42	16	14	29	35	47	31	45	42	48	49	36	32	44	19	23	23	57	20	42	36	42	51	27	48	36	38	40	42	49	32	35	42	31	32	38	31	20	31	36	47	40	29	30	44	60	20	47	55	17	38	42	15	35	29	16	17	54	32	35	42	48	42	36	56	25	35	17	15	51	46	51	32	34	27	44	42	29	60	33	21	38	32	45	31	47	25	51	42	15	48	38	42	51	25	26	27	27	35	36	44	47	34	29	52	52	22	22	39	21	14	40	46	50	29	17	42	17
54	25	18	61	36	37	29	39	31	44	25	29	47	31	17	28	22	48	22	22	42	21	31	38	15	32	43	23	43	24	37	52	14	27	52	36	25	42	31	19	19	33	18	32	17	51	51	37	21	64	32	35	36	13	20	17	51	38	15	42	36	20	48	30	32	32	45	47	49	63	35	16	30	49	25	25	26	61	25	52	38	30	55	48	34	18	30	40	51	33	46	56	31	43	17	39	45	25	40	35	33	44	47	47	18	38	44	24	51	19	63	43	54	44	51	42	64	57	18	36	15	65	35	51	24	39	31	39	21	17	31	65	15	31	30	48	31	54	42	24	26	47	34	32	15	57	32	31	36	33	47	8	31	63	33	13	25	49	20	39	25	19	47	19	24	42
19	35	19	37	45	51	47	44	31	45	39	49	42	28	30	35	23	52	35	33	29	43	27	36	32	78	35	37	52	35	29	25	19	48	21	56	31	27	56	25	56	78	51	48	32	57	27	42	25	31	29	44	37	47	61	24	38	17	42	51	29	45	42	16	55	51	40	31	32	34	47	55	15	50	46	25	35	78	50	17	42	37	17	53	36	21	60	51	16	78	35	38	17	29	40	20	61	30	35	25	36	30	21	32	38	19	57	15	21	37	40	16	40	36	8	31	31	30	53	55	17	48	58	57	35	25	50	8	35	17	31	49	42	42	25	25	39	44	27	34	47	30	17	39	35	33	42	32	25	34	29	65	45	37	32	34	44	25	14	16	51	28	18	47	61	35
36	32	21	40	17	54	42	54	34	37	15	31	26	42	18	32	36	40	34	36	39	21	15	34	45	48	59	27	44	31	24	51	30	26	15	32	30	42	32	42	40	40	56	18	39	8	19	43	29	40	25	34	19	47	26	44	37	31	35	47	44	25	42	78	42	20	63	38	51	49	48	48	50	42	39	36	20	40	18	51	30	39	43	25	16	13	36	37	42	17	30	25	8	61	19	20	18	45	58	36	36	31	16	14	35	30	44	44	51	38	50	29	32	19	42	20	48	14	31	36	45	57	58	31	30	49	54	39	47	44	63	49	17	42	15	51	31	40	56	32	37	37	36	32	27	21	19	31	44	29	36	55	32	54	33	29	54	42	33	55	30	40	21	20	19	35
23	33	65	37	55	23	24	32	30	56	28	34	48	14	29	31	21	64	45	31	36	36	20	42	45	31	56	31	35	17	39	32	17	26	26	36	42	31	55	42	26	26	19	58	49	45	61	20	40	47	42	44	32	19	38	37	47	56	42	24	37	31	20	37	50	48	16	38	42	39	21	34	53	26	30	43	38	33	22	36	49	51	48	14	39	44	42	29	28	39	28	36	16	51	15	8	54	34	31	27	42	29	20	54	47	57	36	47	32	26	20	13	29	57	39	56	29	60	33	21	40	26	33	45	29	17	31	29	18	17	39	38	42	32	45	39	35	43	38	39	42	26	42	16	29	50	15	15	50	30	43	65	61	13	33	42	35	60	20	35	48	35	36	25	42	20
59	26	30	26	25	29	25	47	38	21	33	36	56	44	23	45	20	33	55	31	36	61	15	58	32	36	18	42	55	42	55	40	29	35	8	47	64	19	51	32	43	42	43	55	34	36	32	44	16	45	34	27	34	61	61	14	28	53	44	40	17	18	23	40	34	27	54	49	50	13	47	47	46	45	30	49	17	20	36	26	26	29	31	32	49	20	59	59	56	49	40	25	32	51	27	33	51	18	26	36	42	19	50	38	60	37	25	25	45	33	29	42	35	30	37	35	54	42	35	42	15	40	37	32	42	43	51	63	38	34	35	53	44	19	51	28	21	25	39	29	14	30	52	16	17	20	14	36	19	43	40	33	48	32	42	35	26	27	23	44	38	22	32	49	31	56
24	32	40	15	45	39	15	24	38	39	17	54	60	16	21	40	33	16	47	49	43	40	30	33	16	33	36	47	32	30	32	36	32	44	30	34	45	27	17	48	29	34	27	53	29	50	35	57	45	35	42	40	39	23	48	17	20	32	15	52	42	51	18	36	44	36	64	19	14	42	56	33	39	15	34	35	13	23	28	32	55	16	28	33	48	53	53	56	43	17	43	58	55	36	45	51	44	40	42	26	20	56	31	32	60	35	53	31	40	54	31	65	32	49	20	28	35	57	23	51	23	49	36	61	60	21	34	16	35	20	34	26	49	29	39	49	29	44	55	36	43	36	57	30	15	31	8	49	21	51	19	30	31	30	30	56	49	28	30	25	29	42	23	31	23	45
29	38	30	45	42	61	32	29	42	31	34	38	40	36	48	31	63	51	19	32	40	38	30	31	49	30	20	48	20	47	42	55	34	15	16	49	78	47	36	25	30	27	32	31	49	28	21	48	50	16	17	43	78	20	22	54	57	42	19	31	20	33	39	40	17	39	13	21	26	28	45	48	42	40	23	19	39	24	49	45	54	34	43	20	36	49	55	42	30	33	47	60	56	48	22	31	34	50	20	20	61	31	44	39	36	29	33	32	8	42	38	47	49	51	61	55	19	19	40	55	48	36	59	25	29	42	57	27	56	31	45	47	30	32	26	25	39	36	29	55	46	51	44	34	46	51	35	15	42	33	44	15	26	31	35	36	24	31	56	14	45	51	38	19	13	54
32	19	36	20	45	29	32	53	42	31	35	34	36	25	46	19	39	28	55	44	31	51	51	33	16	25	44	47	48	18	40	34	51	31	60	61	30	48	29	42	14	40	43	32	43	34	20	36	29	64	55	30	42	49	42	48	38	19	31	32	47	30	31	27	38	16	47	25	19	42	29	51	49	29	42	25	35	44	47	35	47	44	35	47	33	16	51	43	47	35	33	44	55	26	31	36	45	30	19	21	8	58	31	47	18	47	18	37	45	57	19	48	21	54	31	33	34	36	18	34	65	26	25	31	44	26	31	23	21	29	24	20	43	45	42	61	26	32	35	15	51	50	44	26	48	38	14	36	45	26	33	16	25	78	43	39	17	55	53	35	20	42	20	20	18	47
40	49	18	24	28	47	57	64	52	45	37	19	27	40	25	33	20	39	13	35	38	15	44	58	30	29	31	25	51	45	28	42	36	38	49	35	29	27	29	33	47	19	36	44	47	45	51	42	14	20	34	42	31	28	51	26	34	33	32	44	16	42	48	30	29	47	25	21	49	36	42	29	33	53	48	29	44	55	33	51	19	33	57	47	31	36	15	48	51	42	40	26	40	44	56	36	23	36	36	20	44	31	29	51	27	25	59	32	38	53	64	61	50	31	32	29	29	40	42	44	43	29	20	44	25	64	38	14	15	32	54	15	44	17	35	56	31	24	61	32	64	21	49	49	57	39	55	54	25	34	26	54	27	47	58	27	49	40	50	17	31	59	47	18	50	45
55	31	49	15	51	61	30	53	50	40	18	54	54	31	37	45	56	48	25	37	27	17	16	37	31	55	15	39	44	19	51	31	42	56	44	44	51	39	54	15	17	57	35	36	47	13	42	30	54	36	20	60	40	31	29	36	51	36	42	36	36	25	36	48	40	35	51	23	38	13	20	58	33	53	34	33	31	48	51	27	39	31	32	56	34	23	35	57	25	30	43	34	51	15	29	42	43	51	49	26	53	36	18	48	15	18	36	53	17	42	50	65	20	51	27	38	25	36	40	29	39	48	20	28	25	45	28	42	29	42	38	36	63	29	65	33	33	29	63	35	20	43	30	26	26	28	36	52	31	16	39	25	34	43	57	43	14	40	32	33	31	31	53	36	19	54
20	30	45	42	15	39	42	50	42	45	17	37	48	19	42	37	56	19	36	42	42	57	59	33	27	44	23	17	60	54	37	30	29	43	25	51	61	35	32	31	24	21	8	61	40	42	31	30	20	51	40	30	64	44	23	20	18	13	20	31	31	27	25	43	13	30	56	49	19	47	18	15	36	30	38	23	30	21	43	17	30	38	31	45	48	51	43	47	30	55	21	18	36	48	42	25	18	29	21	36	44	30	47	24	26	17	65	35	26	21	30	61	43	47	40	34	48	38	31	29	32	17	14	40	42	31	8	51	31	49	44	36	33	51	51	31	45	42	35	60	58	38	20	45	29	54	13	56	57	38	35	42	18	45	34	18	44	27	31	31	18	37	54	29	36	42
20	30	32	35	48	38	31	32	26	25	38	45	47	56	31	31	20	47	36	32	26	33	43	27	36	15	31	42	38	14	55	61	56	36	42	45	20	31	21	36	33	32	56	51	47	35	18	25	55	32	50	42	19	34	15	30	54	64	56	13	20	49	17	32	31	32	44	33	50	36	78	13	49	36	42	65	30	57	30	39	20	42	35	56	44	19	35	19	51	31	31	42	35	27	51	32	55	31	20	31	26	39	33	15	52	42	29	18	33	55	50	25	13	45	28	37	29	26	31	26	37	33	50	56	14	40	47	32	21	40	51	50	31	36	36	63	33	30	36	51	39	47	61	20	60	38	36	16	16	27	48	26	34	48	35	56	58	44	31	29	47	58	46	31	31	53
29	29	46	31	34	58	33	40	51	37	45	43	35	47	55	38	32	55	31	40	50	55	31	42	33	45	36	23	25	20	50	29	32	45	50	30	33	13	43	32	20	51	26	27	26	17	65	34	16	42	17	20	31	22	35	61	36	42	19	51	38	31	40	36	40	38	17	40	38	44	39	29	42	36	20	43	60	40	26	27	65	65	30	26	32	45	42	16	20	55	25	36	34	60	27	42	42	22	28	39	36	55	40	44	31	24	61	45	42	55	23	20	40	42	26	23	52	30	48	21	63	23	36	30	47	16	53	40	39	61	29	54	43	26	49	33	24	55	20	29	23	25	29	21	19	30	55	40	51	43	42	40	24	20	54	31	35	32	39	13	20	30	32	65	30	42
14	55	17	25	19	64	63	25	33	35	26	39	31	33	32	34	28	27	24	25	40	34	31	49	40	20	45	36	55	27	42	20	20	42	27	17	17	17	30	34	19	30	36	56	52	8	54	50	48	30	31	35	19	19	32	36	24	36	35	39	42	31	51	14	39	38	29	40	78	38	42	29	46	31	45	40	25	27	20	31	40	32	25	42	34	30	36	45	29	47	34	54	28	19	20	14	44	31	47	59	42	35	33	42	27	35	29	29	14	40	56	26	32	43	78	36	22	14	40	40	31	19	51	42	19	19	44	51	15	56	24	32	45	49	31	23	51	32	36	64	49	43	51	38	30	28	27	31	45	51	20	48	32	49	47	36	29	48	8	20	25	31	39	38	26	20
42	25	47	30	39	55	40	37	28	38	39	33	42	56	26	32	14	56	17	19	61	64	40	56	20	64	25	26	26	43	42	27	43	36	42	63	26	54	31	25	40	26	16	17	49	23	45	48	28	53	38	27	21	40	30	57	36	18	39	60	17	48	33	18	36	55	14	33	23	36	53	58	44	42	30	38	46	23	35	34	42	28	26	26	32	26	42	30	13	38	14	51	27	26	31	45	32	48	23	42	52	30	65	47	42	31	56	36	21	63	43	22	19	44	42	27	42	31	32	30	17	26	31	36	30	40	54	51	48	51	36	53	48	40	49	31	31	57	19	57	14	57	64	21	35	35	29	35	47	33	15	36	54	22	38	21	32	37	26	37	32	61	36	45	34	60
36	55	51	49	50	21	36	42	49	56	35	48	51	42	19	39	51	47	36	64	31	60	20	28	57	24	49	21	55	33	61	17	44	33	28	37	25	56	20	48	40	34	32	27	50	35	42	42	29	19	27	48	47	48	31	33	19	32	56	27	20	30	30	61	13	49	51	54	36	42	47	51	29	32	38	30	21	51	61	55	26	42	34	28	31	42	36	40	13	59	34	38	42	56	49	21	55	34	53	15	25	23	50	50	34	26	36	47	54	25	26	43	42	17	61	14	21	29	15	45	36	31	23	42	32	29	42	34	42	13	38	55	15	28	34	34	47	34	20	40	28	44	29	51	31	38	57	43	31	27	23	45	54	31	29	21	25	36	43	51	35	17	47	30	58	30
34	21	19	32	27	26	26	43	42	53	37	34	34	17	59	45	28	17	52	21	14	38	29	31	21	36	32	31	29	38	20	14	13	25	52	20	31	36	31	17	31	38	39	31	47	20	38	15	40	31	47	49	36	15	23	47	25	49	20	15	44	28	22	8	33	36	55	17	40	27	58	42	35	47	43	39	55	40	40	21	31	48	45	44	48	35	49	35	42	31	32	58	43	55	35	31	48	51	29	47	35	42	40	42	20	25	54	50	55	44	31	36	49	59	38	25	28	50	23	49	55	26	23	55	38	24	51	45	43	51	44	33	19	29	19	42	48	31	40	20	42	31	25	42	32	26	78	65	21	59	51	17	30	42	17	47	47	35	31	40	28	64	19	14	26	8
54	16	56	31	14	58	43	36	48	18	45	39	48	28	31	22	61	44	59	49	55	30	17	28	57	23	27	40	38	35	48	31	51	56	31	48	78	19	78	33	8	39	47	19	40	42	26	52	59	18	26	40	51	65	50	51	47	52	38	29	44	23	32	31	35	38	42	55	39	16	55	19	44	42	34	44	14	57	55	51	25	29	31	34	27	54	17	30	65	48	42	18	51	38	50	49	39	26	30	30	27	31	36	20	64	31	45	15	42	55	20	50	31	13	25	31	23	44	48	18	42	34	30	17	20	45	15	30	20	53	61	39	32	18	38	36	48	17	57	15	42	47	65	49	55	42	54	36	46	35	50	40	60	32	44	32	33	26	49	29	42	29	31	51	33	19
36	34	34	47	31	32	39	35	42	23	14	42	59	25	51	36	43	34	49	64	38	39	54	26	31	15	45	38	20	23	55	29	29	42	26	32	39	23	44	52	38	35	30	29	30	36	26	19	55	38	18	35	29	33	65	49	27	38	31	31	65	39	17	34	49	25	27	49	25	23	54	33	26	53	25	15	54	19	34	54	46	15	58	32	27	51	13	36	38	49	36	25	39	48	16	31	49	47	30	39	27	31	32	52	29	39	44	44	48	40	52	60	14	31	33	20	34	36	36	17	28	34	32	17	18	29	40	35	39	26	14	39	60	42	20	19	39	28	50	52	56	34	24	55	61	17	55	29	31	42	49	37	64	28	78	34	45	42	36	26	36	59	22	57	13	38
28	42	33	48	57	48	39	29	16	35	19	15	38	58	33	36	33	60	15	45	44	48	36	29	55	19	42	36	37	20	40	49	51	15	57	42	20	33	34	57	23	14	19	39	32	36	25	32	16	44	33	42	39	31	34	31	39	26	45	20	48	32	14	30	61	47	55	42	31	25	54	25	28	49	15	43	38	34	49	34	21	30	20	25	39	17	31	56	47	39	49	36	39	31	51	31	21	38	13	31	50	37	45	25	59	39	31	26	47	34	21	33	48	18	49	33	33	44	19	39	42	38	13	55	20	23	47	36	31	32	42	35	27	17	44	25	17	17	65	14	49	38	30	30	33	55	57	26	20	18	32	29	32	34	13	29	40	48	36	15	15	42	37	33	47	48
42	53	61	38	31	55	17	49	43	43	63	23	47	25	20	39	55	48	56	59	31	35	44	57	32	36	38	31	51	18	26	43	35	25	17	47	32	64	38	30	31	51	27	28	60	20	15	16	26	43	18	48	40	49	44	50	42	38	51	35	35	37	20	30	47	36	35	47	21	55	48	31	47	31	40	17	32	32	47	37	29	47	35	55	51	26	26	47	47	34	25	49	33	31	61	47	36	64	51	20	20	31	40	32	45	38	33	51	17	15	42	58	43	64	15	61	33	25	54	30	30	49	47	29	27	32	38	27	36	65	31	32	47	23	34	39	24	35	18	64	31	44	36	26	31	20	48	24	51	55	65	37	44	34	19	16	17	34	33	59	44	36	33	15	39	17
47	19	37	35	40	32	25	28	13	34	26	31	33	43	43	39	33	42	36	56	19	35	33	47	31	32	22	50	65	40	27	23	36	8	61	29	43	34	56	35	32	29	25	14	54	21	37	30	34	51	25	37	31	48	32	19	32	14	56	40	43	29	40	46	45	30	63	15	31	42	15	39	42	30	39	60	37	31	49	19	15	19	57	45	40	30	19	38	34	31	32	47	39	35	55	47	26	63	28	21	28	36	27	35	16	55	17	32	30	51	58	38	17	49	48	34	59	45	48	26	32	49	32	35	57	35	48	51	15	53	51	40	31	39	31	52	44	19	39	30	32	17	38	43	50	55	47	39	65	31	49	25	36	57	56	50	36	49	35	55	20	15	38	32	19	32
29	27	61	42	20	31	61	24	36	35	55	44	30	31	20	40	21	36	27	45	35	59	23	23	33	34	55	30	64	25	42	32	32	23	50	38	42	26	56	55	31	23	8	20	39	54	26	27	20	36	31	49	55	8	28	23	47	25	20	49	47	38	42	55	21	14	33	35	45	55	31	61	28	45	35	21	33	57	34	50	19	44	47	30	34	15	59	61	27	28	38	42	48	36	36	29	35	51	32	31	38	38	32	47	38	51	43	40	57	40	48	24	15	47	37	32	32	30	39	25	52	31	31	33	51	55	50	54	44	47	32	48	29	34	37	36	32	18	34	58	32	30	20	42	28	43	51	47	44	47	34	56	46	40	64	55	55	34	16	49	31	57	15	55	38	33
42	43	17	43	51	50	21	38	46	32	31	31	55	18	47	31	27	31	44	43	26	25	50	33	40	47	34	40	29	15	34	35	22	34	14	45	52	39	51	64	31	35	36	32	32	23	38	31	29	36	35	20	20	40	19	36	47	45	39	45	32	43	59	55	46	17	32	13	51	32	28	19	39	21	28	17	26	21	30	55	31	30	63	49	42	27	56	36	51	27	42	47	33	25	49	28	48	38	36	36	45	47	23	33	33	37	40	42	14	58	61	33	39	27	35	31	49	33	57	43	39	14	14	48	21	21	32	42	33	47	34	20	48	44	35	27	44	13	47	31	58	38	38	15	36	48	63	55	56	40	40	26	47	35	32	20	43	54	56	48	43	27	38	33	58	35
14	61	39	50	31	45	39	55	30	36	17	44	47	21	25	42	31	48	14	34	51	44	36	17	27	32	15	55	36	37	24	27	34	39	44	51	47	65	42	42	25	17	20	30	14	25	39	35	17	47	28	26	42	19	38	51	19	30	24	55	15	38	47	61	36	47	32	27	36	55	31	32	49	18	31	16	28	44	20	49	43	20	16	18	42	45	43	20	22	39	15	25	35	47	19	44	24	29	38	43	49	54	30	31	45	55	54	45	30	48	34	29	43	29	26	14	38	27	28	16	63	38	31	49	56	30	27	36	33	55	21	32	55	32	59	58	78	53	32	37	17	19	17	42	31	58	65	55	39	14	29	43	43	36	47	42	39	25	27	35	28	30	42	49	40	26
