1	0	1	1
2	0	1	1
3	0	1	1
4	0	1	1
5	0	1	1
6	0	1	1
7	0	1	1
8	0	1	1
9	0	1	1
10	0	1	1
11	1	1	1
12	0	1	1
13	1	1	1
14	0	1	1
15	0	1	1
16	0	1	1
17	1	1	1
18	1	1	1
19	2	1	1
20	1	1	1
21	5	1	1
22	0	1	1
23	2	1	1
24	0	1	1
25	3	1	1
26	8	1	1
27	0	1	1
28	9	1	1
29	0	1	1
30	5	1	1
31	6	1	1
32	3	1	1
33	3	1	1
34	4	1	1
35	2	1	1
36	6	1	1
37	0	1	1
38	7	1	1
39	0	1	1
40	2	1	1
41	1	1	1
42	1	1	1
43	3	1	1
44	1	1	1
45	2	1	1
46	0	1	1
47	0	1	1
48	1	1	1
49	0	1	1
50	2	1	1
51	4	1	1
52	0	1	1
53	0	1	1
54	0	1	1
55	0	1	1
56	0	1	1
57	0	1	1
58	0	1	1
59	0	1	1
60	0	1	1
61	0	1	1
62	0	1	1
63	0	1	1
64	0	1	1
65	0	1	1
66	2	1	1
1	0	2	1
2	0	2	1
3	0	2	1
4	0	2	1
5	0	2	1
6	0	2	1
7	0	2	1
8	0	2	1
9	0	2	1
10	0	2	1
11	0	2	1
12	0	2	1
13	1	2	1
14	0	2	1
15	0	2	1
16	0	2	1
17	1	2	1
18	0	2	1
19	1	2	1
20	2	2	1
21	5	2	1
22	1	2	1
23	6	2	1
24	0	2	1
25	4	2	1
26	2	2	1
27	0	2	1
28	9	2	1
29	6	2	1
30	4	2	1
31	1	2	1
32	0	2	1
33	6	2	1
34	1	2	1
35	5	2	1
36	1	2	1
37	2	2	1
38	6	2	1
39	0	2	1
40	2	2	1
41	1	2	1
42	1	2	1
43	0	2	1
44	7	2	1
45	2	2	1
46	0	2	1
47	0	2	1
48	1	2	1
49	1	2	1
50	3	2	1
51	2	2	1
52	0	2	1
53	1	2	1
54	1	2	1
55	2	2	1
56	0	2	1
57	0	2	1
58	0	2	1
59	0	2	1
60	0	2	1
61	0	2	1
62	0	2	1
63	0	2	1
64	0	2	1
65	0	2	1
66	1	2	1
1	0	3	1
2	0	3	1
3	0	3	1
4	0	3	1
5	0	3	1
6	0	3	1
7	0	3	1
8	0	3	1
9	0	3	1
10	3	3	1
11	0	3	1
12	0	3	1
13	1	3	1
14	0	3	1
15	0	3	1
16	0	3	1
17	2	3	1
18	2	3	1
19	2	3	1
20	0	3	1
21	4	3	1
22	2	3	1
23	1	3	1
24	0	3	1
25	1	3	1
26	8	3	1
27	0	3	1
28	9	3	1
29	1	3	1
30	7	3	1
31	2	3	1
32	0	3	1
33	5	3	1
34	2	3	1
35	1	3	1
36	6	3	1
37	3	3	1
38	5	3	1
39	1	3	1
40	0	3	1
41	0	3	1
42	2	3	1
43	4	3	1
44	1	3	1
45	0	3	1
46	0	3	1
47	0	3	1
48	2	3	1
49	3	3	1
50	3	3	1
51	2	3	1
52	0	3	1
53	2	3	1
54	1	3	1
55	0	3	1
56	0	3	1
57	0	3	1
58	1	3	1
1	0	4	1
2	0	4	1
3	0	4	1
4	0	4	1
5	0	4	1
6	0	4	1
7	0	4	1
8	0	4	1
9	0	4	1
10	0	4	1
11	0	4	1
12	0	4	1
13	2	4	1
14	0	4	1
15	0	4	1
16	0	4	1
17	1	4	1
18	2	4	1
19	0	4	1
20	1	4	1
21	5	4	1
22	1	4	1
23	2	4	1
24	0	4	1
25	1	4	1
26	5	4	1
27	0	4	1
28	5	4	1
29	5	4	1
30	11	4	1
31	3	4	1
32	0	4	1
33	4	4	1
34	5	4	1
35	6	4	1
36	3	4	1
37	1	4	1
38	5	4	1
39	0	4	1
40	0	4	1
41	3	4	1
42	2	4	1
43	2	4	1
44	2	4	1
45	0	4	1
46	0	4	1
47	0	4	1
48	1	4	1
49	1	4	1
50	1	4	1
51	2	4	1
52	0	4	1
53	0	4	1
54	0	4	1
55	2	4	1
56	0	4	1
57	0	4	1
58	2	4	1
59	0	4	1
60	0	4	1
61	0	4	1
62	0	4	1
63	0	4	1
64	0	4	1
65	0	4	1
66	3	4	1
1	0	5	1
2	0	5	1
3	0	5	1
4	0	5	1
5	0	5	1
6	0	5	1
7	0	5	1
8	0	5	1
9	0	5	1
10	2	5	1
11	0	5	1
12	0	5	1
13	1	5	1
14	0	5	1
15	0	5	1
16	0	5	1
17	3	5	1
18	0	5	1
19	3	5	1
20	1	5	1
21	4	5	1
22	4	5	1
23	1	5	1
24	0	5	1
25	4	5	1
26	3	5	1
27	0	5	1
28	4	5	1
29	4	5	1
30	8	5	1
31	2	5	1
32	3	5	1
33	8	5	1
34	8	5	1
35	4	5	1
36	6	5	1
37	0	5	1
38	2	5	1
39	1	5	1
40	1	5	1
41	0	5	1
42	2	5	1
43	0	5	1
44	2	5	1
45	1	5	1
46	0	5	1
47	0	5	1
48	3	5	1
49	1	5	1
50	1	5	1
51	0	5	1
52	0	5	1
53	1	5	1
54	0	5	1
55	0	5	1
56	0	5	1
57	0	5	1
58	1	5	1
1	0	6	1
2	0	6	1
3	0	6	1
4	0	6	1
5	0	6	1
6	0	6	1
7	0	6	1
8	0	6	1
9	0	6	1
10	0	6	1
11	1	6	1
12	0	6	1
13	1	6	1
14	0	6	1
15	0	6	1
16	0	6	1
17	0	6	1
18	0	6	1
19	2	6	1
20	1	6	1
21	2	6	1
22	3	6	1
23	2	6	1
24	0	6	1
25	4	6	1
26	4	6	1
27	0	6	1
28	7	6	1
29	5	6	1
30	7	6	1
31	2	6	1
32	0	6	1
33	4	6	1
34	1	6	1
35	6	6	1
36	0	6	1
37	4	6	1
38	6	6	1
39	2	6	1
40	1	6	1
41	0	6	1
42	0	6	1
43	0	6	1
44	5	6	1
45	1	6	1
46	0	6	1
47	0	6	1
48	3	6	1
49	2	6	1
50	3	6	1
51	3	6	1
52	0	6	1
53	0	6	1
54	1	6	1
55	1	6	1
56	0	6	1
57	0	6	1
58	3	6	1
59	0	6	1
60	0	6	1
61	0	6	1
62	0	6	1
63	0	6	1
64	0	6	1
65	0	6	1
66	2	6	1
1	0	7	1
2	0	7	1
3	0	7	1
4	0	7	1
5	0	7	1
6	0	7	1
7	0	7	1
8	0	7	1
9	0	7	1
10	1	7	1
11	2	7	1
12	0	7	1
13	0	7	1
14	0	7	1
15	0	7	1
16	0	7	1
17	2	7	1
18	1	7	1
19	5	7	1
20	2	7	1
21	2	7	1
22	2	7	1
23	3	7	1
24	0	7	1
25	3	7	1
26	5	7	1
27	0	7	1
28	6	7	1
29	1	7	1
30	3	7	1
31	4	7	1
32	1	7	1
33	5	7	1
34	3	7	1
35	6	7	1
36	4	7	1
37	2	7	1
38	5	7	1
39	1	7	1
40	1	7	1
41	0	7	1
42	1	7	1
43	3	7	1
44	5	7	1
45	1	7	1
46	0	7	1
47	0	7	1
48	2	7	1
49	1	7	1
50	1	7	1
51	0	7	1
52	0	7	1
53	3	7	1
54	0	7	1
55	1	7	1
56	0	7	1
57	0	7	1
58	0	7	1
59	0	7	1
60	0	7	1
61	0	7	1
62	0	7	1
63	0	7	1
64	0	7	1
65	0	7	1
66	1	7	1
1	0	8	1
2	0	8	1
3	0	8	1
4	0	8	1
5	0	8	1
6	0	8	1
7	0	8	1
8	0	8	1
9	0	8	1
10	1	8	1
11	3	8	1
12	0	8	1
13	1	8	1
14	0	8	1
15	0	8	1
16	0	8	1
17	1	8	1
18	2	8	1
19	5	8	1
20	0	8	1
21	2	8	1
22	1	8	1
23	2	8	1
24	0	8	1
25	3	8	1
26	5	8	1
27	0	8	1
28	4	8	1
29	4	8	1
30	4	8	1
31	2	8	1
32	0	8	1
33	3	8	1
34	4	8	1
35	9	8	1
36	3	8	1
37	1	8	1
38	6	8	1
39	0	8	1
40	0	8	1
41	1	8	1
42	1	8	1
43	3	8	1
44	2	8	1
45	0	8	1
46	0	8	1
47	0	8	1
48	4	8	1
49	1	8	1
50	1	8	1
51	5	8	1
52	0	8	1
53	0	8	1
54	2	8	1
55	2	8	1
56	0	8	1
57	0	8	1
58	0	8	1
59	0	8	1
60	0	8	1
61	0	8	1
62	0	8	1
63	0	8	1
64	0	8	1
65	0	8	1
66	1	8	1
1	0	9	1
2	0	9	1
3	0	9	1
4	0	9	1
5	0	9	1
6	0	9	1
7	0	9	1
8	0	9	1
9	0	9	1
10	1	9	1
11	0	9	1
12	0	9	1
13	0	9	1
14	0	9	1
15	0	9	1
16	0	9	1
17	1	9	1
18	1	9	1
19	5	9	1
20	2	9	1
21	8	9	1
22	2	9	1
23	2	9	1
24	0	9	1
25	2	9	1
26	7	9	1
27	0	9	1
28	8	9	1
29	3	9	1
30	1	9	1
31	4	9	1
32	0	9	1
33	2	9	1
34	1	9	1
35	7	9	1
36	5	9	1
37	2	9	1
38	2	9	1
39	2	9	1
40	2	9	1
41	0	9	1
42	4	9	1
43	1	9	1
44	6	9	1
45	2	9	1
46	0	9	1
47	0	9	1
48	2	9	1
49	0	9	1
50	1	9	1
51	1	9	1
52	0	9	1
53	2	9	1
1	0	10	1
2	0	10	1
3	0	10	1
4	0	10	1
5	0	10	1
6	0	10	1
7	0	10	1
8	0	10	1
9	0	10	1
10	1	10	1
11	1	10	1
12	0	10	1
13	1	10	1
14	0	10	1
15	0	10	1
16	0	10	1
17	1	10	1
18	1	10	1
19	2	10	1
20	0	10	1
21	5	10	1
22	2	10	1
23	3	10	1
24	0	10	1
25	0	10	1
26	6	10	1
27	0	10	1
28	8	10	1
29	3	10	1
30	6	10	1
31	0	10	1
32	0	10	1
33	5	10	1
34	3	10	1
35	9	10	1
36	5	10	1
37	0	10	1
38	9	10	1
39	2	10	1
40	1	10	1
41	0	10	1
42	3	10	1
43	1	10	1
44	3	10	1
45	1	10	1
46	0	10	1
47	0	10	1
48	1	10	1
49	0	10	1
50	0	10	1
51	2	10	1
52	0	10	1
53	0	10	1
54	1	10	1
55	2	10	1
56	0	10	1
57	0	10	1
58	0	10	1
59	0	10	1
60	0	10	1
61	0	10	1
62	0	10	1
63	0	10	1
64	0	10	1
65	0	10	1
66	1	10	1
1	0	11	1
2	0	11	1
3	0	11	1
4	0	11	1
5	0	11	1
6	0	11	1
7	0	11	1
8	0	11	1
9	0	11	1
10	0	11	1
11	0	11	1
12	0	11	1
13	1	11	1
14	0	11	1
15	0	11	1
16	0	11	1
17	0	11	1
18	0	11	1
19	3	11	1
20	0	11	1
21	4	11	1
22	2	11	1
23	0	11	1
24	0	11	1
25	6	11	1
26	3	11	1
27	0	11	1
28	6	11	1
29	1	11	1
30	4	11	1
31	3	11	1
32	1	11	1
33	6	11	1
34	4	11	1
35	8	11	1
36	9	11	1
37	2	11	1
38	2	11	1
39	1	11	1
40	2	11	1
41	0	11	1
42	1	11	1
43	1	11	1
44	9	11	1
45	0	11	1
46	0	11	1
47	0	11	1
48	1	11	1
49	1	11	1
50	1	11	1
51	3	11	1
52	0	11	1
53	0	11	1
54	0	11	1
55	2	11	1
56	0	11	1
57	0	11	1
58	2	11	1
1	0	12	1
2	0	12	1
3	0	12	1
4	0	12	1
5	0	12	1
6	0	12	1
7	0	12	1
8	0	12	1
9	0	12	1
10	0	12	1
11	5	12	1
12	0	12	1
13	1	12	1
14	0	12	1
15	0	12	1
16	0	12	1
17	1	12	1
18	0	12	1
19	2	12	1
20	2	12	1
21	2	12	1
22	2	12	1
23	4	12	1
24	0	12	1
25	1	12	1
26	5	12	1
27	0	12	1
28	5	12	1
29	0	12	1
30	2	12	1
31	2	12	1
32	1	12	1
33	7	12	1
34	5	12	1
35	3	12	1
36	3	12	1
37	3	12	1
38	10	12	1
39	1	12	1
40	0	12	1
41	1	12	1
42	1	12	1
43	3	12	1
44	3	12	1
45	2	12	1
46	0	12	1
47	0	12	1
48	1	12	1
49	1	12	1
50	1	12	1
51	5	12	1
52	0	12	1
53	1	12	1
54	0	12	1
55	0	12	1
56	0	12	1
57	0	12	1
58	1	12	1
59	0	12	1
60	0	12	1
61	0	12	1
62	0	12	1
63	0	12	1
64	0	12	1
65	0	12	1
66	2	12	1
1	0	13	1
2	0	13	1
3	0	13	1
4	0	13	1
5	0	13	1
6	0	13	1
7	0	13	1
8	0	13	1
9	0	13	1
10	3	13	1
11	1	13	1
12	0	13	1
13	0	13	1
14	0	13	1
15	0	13	1
16	0	13	1
17	0	13	1
18	4	13	1
19	1	13	1
20	1	13	1
21	3	13	1
22	3	13	1
23	0	13	1
24	0	13	1
25	3	13	1
26	10	13	1
27	0	13	1
28	2	13	1
29	4	13	1
30	4	13	1
31	3	13	1
32	2	13	1
33	6	13	1
34	4	13	1
35	8	13	1
36	4	13	1
37	0	13	1
38	4	13	1
39	0	13	1
40	1	13	1
41	1	13	1
42	4	13	1
43	1	13	1
44	4	13	1
45	0	13	1
46	0	13	1
47	0	13	1
48	3	13	1
49	0	13	1
50	1	13	1
51	1	13	1
52	0	13	1
53	1	13	1
54	1	13	1
55	1	13	1
1	0	14	1
2	0	14	1
3	0	14	1
4	0	14	1
5	0	14	1
6	0	14	1
7	0	14	1
8	0	14	1
9	0	14	1
10	0	14	1
11	0	14	1
12	0	14	1
13	1	14	1
14	0	14	1
15	0	14	1
16	0	14	1
17	1	14	1
18	1	14	1
19	2	14	1
20	3	14	1
21	3	14	1
22	4	14	1
23	3	14	1
24	0	14	1
25	3	14	1
26	6	14	1
27	0	14	1
28	2	14	1
29	6	14	1
30	3	14	1
31	1	14	1
32	1	14	1
33	3	14	1
34	0	14	1
35	7	14	1
36	4	14	1
37	3	14	1
38	7	14	1
39	1	14	1
40	2	14	1
41	2	14	1
42	2	14	1
43	4	14	1
44	6	14	1
45	0	14	1
46	0	14	1
47	0	14	1
48	2	14	1
49	1	14	1
50	0	14	1
51	2	14	1
52	0	14	1
53	0	14	1
54	0	14	1
55	2	14	1
56	0	14	1
57	0	14	1
58	0	14	1
59	0	14	1
60	0	14	1
61	0	14	1
62	0	14	1
63	0	14	1
64	0	14	1
65	0	14	1
66	1	14	1
1	0	15	1
2	0	15	1
3	0	15	1
4	0	15	1
5	0	15	1
6	0	15	1
7	0	15	1
8	0	15	1
9	0	15	1
10	1	15	1
11	0	15	1
12	0	15	1
13	1	15	1
14	0	15	1
15	0	15	1
16	0	15	1
17	0	15	1
18	1	15	1
19	3	15	1
20	1	15	1
21	3	15	1
22	1	15	1
23	5	15	1
24	0	15	1
25	4	15	1
26	6	15	1
27	0	15	1
28	5	15	1
29	6	15	1
30	8	15	1
31	5	15	1
32	1	15	1
33	3	15	1
34	3	15	1
35	8	15	1
36	1	15	1
37	2	15	1
38	0	15	1
39	1	15	1
40	1	15	1
41	0	15	1
42	4	15	1
43	1	15	1
44	3	15	1
45	1	15	1
46	0	15	1
47	0	15	1
48	1	15	1
49	0	15	1
50	1	15	1
51	2	15	1
52	0	15	1
53	1	15	1
54	1	15	1
55	1	15	1
56	0	15	1
57	0	15	1
58	2	15	1
59	0	15	1
60	0	15	1
61	0	15	1
62	0	15	1
63	0	15	1
64	0	15	1
65	0	15	1
66	1	15	1
1	0	16	1
2	0	16	1
3	0	16	1
4	0	16	1
5	0	16	1
6	0	16	1
7	0	16	1
8	0	16	1
9	0	16	1
10	0	16	1
11	1	16	1
12	0	16	1
13	3	16	1
14	0	16	1
15	0	16	1
16	0	16	1
17	1	16	1
18	1	16	1
19	2	16	1
20	0	16	1
21	2	16	1
22	3	16	1
23	1	16	1
24	0	16	1
25	3	16	1
26	3	16	1
27	0	16	1
28	4	16	1
29	4	16	1
30	6	16	1
31	5	16	1
32	1	16	1
33	3	16	1
34	7	16	1
35	7	16	1
36	4	16	1
37	2	16	1
38	2	16	1
39	1	16	1
40	0	16	1
41	2	16	1
42	2	16	1
43	2	16	1
44	3	16	1
45	3	16	1
46	0	16	1
47	0	16	1
48	1	16	1
49	1	16	1
50	0	16	1
51	2	16	1
52	0	16	1
53	2	16	1
54	2	16	1
55	1	16	1
56	0	16	1
57	0	16	1
58	0	16	1
59	0	16	1
60	0	16	1
61	0	16	1
62	0	16	1
63	0	16	1
64	0	16	1
65	0	16	1
66	2	16	1
1	0	17	1
2	0	17	1
3	0	17	1
4	0	17	1
5	0	17	1
6	0	17	1
7	0	17	1
8	0	17	1
9	0	17	1
10	2	17	1
11	1	17	1
12	0	17	1
13	3	17	1
14	0	17	1
15	0	17	1
16	0	17	1
17	1	17	1
18	0	17	1
19	3	17	1
20	1	17	1
21	4	17	1
22	3	17	1
23	2	17	1
24	0	17	1
25	3	17	1
26	4	17	1
27	0	17	1
28	4	17	1
29	4	17	1
30	6	17	1
31	2	17	1
32	1	17	1
33	5	17	1
34	4	17	1
35	4	17	1
36	4	17	1
37	5	17	1
38	3	17	1
39	1	17	1
40	2	17	1
41	0	17	1
42	2	17	1
43	3	17	1
44	2	17	1
45	1	17	1
46	0	17	1
47	0	17	1
48	0	17	1
49	2	17	1
50	0	17	1
51	1	17	1
52	0	17	1
53	2	17	1
54	0	17	1
55	2	17	1
56	0	17	1
57	0	17	1
58	2	17	1
1	0	18	1
2	0	18	1
3	0	18	1
4	0	18	1
5	0	18	1
6	0	18	1
7	0	18	1
8	0	18	1
9	0	18	1
10	1	18	1
11	1	18	1
12	0	18	1
13	1	18	1
14	0	18	1
15	0	18	1
16	0	18	1
17	1	18	1
18	0	18	1
19	1	18	1
20	0	18	1
21	7	18	1
22	1	18	1
23	2	18	1
24	0	18	1
25	3	18	1
26	8	18	1
27	0	18	1
28	4	18	1
29	3	18	1
30	5	18	1
31	5	18	1
32	1	18	1
33	4	18	1
34	3	18	1
35	5	18	1
36	4	18	1
37	1	18	1
38	6	18	1
39	0	18	1
40	1	18	1
41	1	18	1
42	2	18	1
43	4	18	1
44	3	18	1
45	0	18	1
46	0	18	1
47	0	18	1
48	1	18	1
49	2	18	1
50	2	18	1
51	3	18	1
52	0	18	1
53	0	18	1
54	3	18	1
1	0	19	1
2	0	19	1
3	0	19	1
4	0	19	1
5	0	19	1
6	0	19	1
7	0	19	1
8	0	19	1
9	0	19	1
10	1	19	1
11	2	19	1
12	0	19	1
13	1	19	1
14	0	19	1
15	0	19	1
16	0	19	1
17	1	19	1
18	1	19	1
19	4	19	1
20	3	19	1
21	2	19	1
22	4	19	1
23	1	19	1
24	0	19	1
25	3	19	1
26	5	19	1
27	0	19	1
28	5	19	1
29	4	19	1
30	8	19	1
31	1	19	1
32	0	19	1
33	8	19	1
34	2	19	1
35	5	19	1
36	0	19	1
37	5	19	1
38	4	19	1
39	2	19	1
40	0	19	1
41	0	19	1
42	0	19	1
43	0	19	1
44	4	19	1
45	1	19	1
46	0	19	1
47	0	19	1
48	0	19	1
49	2	19	1
50	2	19	1
51	6	19	1
52	0	19	1
53	0	19	1
54	0	19	1
55	2	19	1
1	0	20	1
2	0	20	1
3	0	20	1
4	0	20	1
5	0	20	1
6	0	20	1
7	0	20	1
8	0	20	1
9	0	20	1
10	2	20	1
11	1	20	1
12	0	20	1
13	0	20	1
14	0	20	1
15	0	20	1
16	0	20	1
17	0	20	1
18	1	20	1
19	1	20	1
20	1	20	1
21	3	20	1
22	4	20	1
23	1	20	1
24	0	20	1
25	4	20	1
26	4	20	1
27	0	20	1
28	4	20	1
29	3	20	1
30	7	20	1
31	3	20	1
32	2	20	1
33	3	20	1
34	2	20	1
35	6	20	1
36	8	20	1
37	2	20	1
38	2	20	1
39	0	20	1
40	1	20	1
41	0	20	1
42	1	20	1
43	2	20	1
44	5	20	1
45	3	20	1
46	0	20	1
47	0	20	1
48	1	20	1
49	1	20	1
50	0	20	1
51	2	20	1
52	0	20	1
53	0	20	1
54	0	20	1
55	3	20	1
56	0	20	1
57	0	20	1
58	5	20	1
59	0	20	1
60	0	20	1
61	0	20	1
62	0	20	1
63	0	20	1
64	0	20	1
65	0	20	1
66	1	20	1
1	0	21	1
2	0	21	1
3	0	21	1
4	0	21	1
5	0	21	1
6	0	21	1
7	0	21	1
8	0	21	1
9	0	21	1
10	0	21	1
11	1	21	1
12	0	21	1
13	1	21	1
14	0	21	1
15	0	21	1
16	0	21	1
17	0	21	1
18	2	21	1
19	4	21	1
20	4	21	1
21	4	21	1
22	4	21	1
23	1	21	1
24	0	21	1
25	1	21	1
26	6	21	1
27	0	21	1
28	6	21	1
29	5	21	1
30	5	21	1
31	4	21	1
32	0	21	1
33	4	21	1
34	0	21	1
35	10	21	1
36	5	21	1
37	4	21	1
38	3	21	1
39	1	21	1
40	0	21	1
41	0	21	1
42	0	21	1
43	1	21	1
44	5	21	1
45	0	21	1
46	0	21	1
47	0	21	1
48	2	21	1
49	0	21	1
50	1	21	1
51	1	21	1
52	0	21	1
53	0	21	1
54	1	21	1
55	1	21	1
56	0	21	1
57	0	21	1
58	1	21	1
59	0	21	1
60	0	21	1
61	0	21	1
62	0	21	1
63	0	21	1
64	0	21	1
65	0	21	1
66	1	21	1
1	0	22	1
2	0	22	1
3	0	22	1
4	0	22	1
5	0	22	1
6	0	22	1
7	0	22	1
8	0	22	1
9	0	22	1
10	0	22	1
11	1	22	1
12	0	22	1
13	2	22	1
14	0	22	1
15	0	22	1
16	0	22	1
17	1	22	1
18	1	22	1
19	2	22	1
20	0	22	1
21	3	22	1
22	3	22	1
23	3	22	1
24	0	22	1
25	3	22	1
26	7	22	1
27	0	22	1
28	5	22	1
29	4	22	1
30	10	22	1
31	3	22	1
32	3	22	1
33	5	22	1
34	3	22	1
35	3	22	1
36	5	22	1
37	1	22	1
38	4	22	1
39	2	22	1
40	0	22	1
41	1	22	1
42	0	22	1
43	0	22	1
44	6	22	1
45	0	22	1
46	0	22	1
47	0	22	1
48	0	22	1
49	1	22	1
50	1	22	1
51	1	22	1
52	0	22	1
53	1	22	1
54	1	22	1
55	1	22	1
56	0	22	1
57	0	22	1
58	1	22	1
59	0	22	1
60	0	22	1
61	0	22	1
62	0	22	1
63	0	22	1
64	0	22	1
65	0	22	1
66	1	22	1
1	0	23	1
2	0	23	1
3	0	23	1
4	0	23	1
5	0	23	1
6	0	23	1
7	0	23	1
8	0	23	1
9	0	23	1
10	0	23	1
11	1	23	1
12	0	23	1
13	1	23	1
14	0	23	1
15	0	23	1
16	0	23	1
17	0	23	1
18	0	23	1
19	5	23	1
20	1	23	1
21	7	23	1
22	2	23	1
23	1	23	1
24	0	23	1
25	4	23	1
26	7	23	1
27	0	23	1
28	5	23	1
29	5	23	1
30	5	23	1
31	4	23	1
32	0	23	1
33	4	23	1
34	2	23	1
35	5	23	1
36	4	23	1
37	2	23	1
38	4	23	1
39	0	23	1
40	0	23	1
41	0	23	1
42	0	23	1
43	5	23	1
44	4	23	1
45	0	23	1
46	0	23	1
47	0	23	1
48	3	23	1
49	0	23	1
50	2	23	1
51	2	23	1
52	0	23	1
53	1	23	1
54	0	23	1
55	1	23	1
56	0	23	1
57	0	23	1
58	1	23	1
59	0	23	1
60	0	23	1
61	0	23	1
62	0	23	1
63	0	23	1
64	0	23	1
65	0	23	1
66	1	23	1
1	0	24	1
2	0	24	1
3	0	24	1
4	0	24	1
5	0	24	1
6	0	24	1
7	0	24	1
8	0	24	1
9	0	24	1
10	2	24	1
11	0	24	1
12	0	24	1
13	1	24	1
14	0	24	1
15	0	24	1
16	0	24	1
17	3	24	1
18	0	24	1
19	5	24	1
20	0	24	1
21	5	24	1
22	2	24	1
23	0	24	1
24	0	24	1
25	6	24	1
26	5	24	1
27	0	24	1
28	8	24	1
29	5	24	1
30	2	24	1
31	4	24	1
32	0	24	1
33	4	24	1
34	3	24	1
35	6	24	1
36	1	24	1
37	0	24	1
38	4	24	1
39	1	24	1
40	1	24	1
41	1	24	1
42	0	24	1
43	0	24	1
44	3	24	1
45	0	24	1
46	0	24	1
47	0	24	1
48	6	24	1
49	1	24	1
50	0	24	1
51	3	24	1
52	0	24	1
53	2	24	1
54	1	24	1
55	1	24	1
56	0	24	1
57	0	24	1
58	0	24	1
59	0	24	1
60	0	24	1
61	0	24	1
62	0	24	1
63	0	24	1
64	0	24	1
65	0	24	1
66	3	24	1
1	0	25	1
2	0	25	1
3	0	25	1
4	0	25	1
5	0	25	1
6	0	25	1
7	0	25	1
8	0	25	1
9	0	25	1
10	1	25	1
11	3	25	1
12	0	25	1
13	2	25	1
14	0	25	1
15	0	25	1
16	0	25	1
17	0	25	1
18	1	25	1
19	1	25	1
20	1	25	1
21	4	25	1
22	3	25	1
23	3	25	1
24	0	25	1
25	5	25	1
26	6	25	1
27	0	25	1
28	3	25	1
29	2	25	1
30	3	25	1
31	4	25	1
32	1	25	1
33	4	25	1
34	5	25	1
35	6	25	1
36	2	25	1
37	1	25	1
38	6	25	1
39	0	25	1
40	2	25	1
41	3	25	1
42	2	25	1
43	2	25	1
44	3	25	1
45	1	25	1
46	0	25	1
47	0	25	1
48	1	25	1
49	1	25	1
50	0	25	1
51	4	25	1
52	0	25	1
53	0	25	1
54	1	25	1
55	0	25	1
56	0	25	1
57	0	25	1
58	1	25	1
59	0	25	1
60	0	25	1
61	0	25	1
62	0	25	1
63	0	25	1
64	0	25	1
65	0	25	1
66	1	25	1
1	0	26	1
2	0	26	1
3	0	26	1
4	0	26	1
5	0	26	1
6	0	26	1
7	0	26	1
8	0	26	1
9	0	26	1
10	1	26	1
11	0	26	1
12	0	26	1
13	4	26	1
14	0	26	1
15	0	26	1
16	0	26	1
17	0	26	1
18	1	26	1
19	1	26	1
20	0	26	1
21	3	26	1
22	2	26	1
23	2	26	1
24	0	26	1
25	3	26	1
26	4	26	1
27	0	26	1
28	8	26	1
29	4	26	1
30	4	26	1
31	3	26	1
32	0	26	1
33	6	26	1
34	2	26	1
35	7	26	1
36	5	26	1
37	1	26	1
38	5	26	1
39	4	26	1
40	0	26	1
41	1	26	1
42	1	26	1
43	1	26	1
44	4	26	1
45	1	26	1
46	0	26	1
47	0	26	1
48	3	26	1
49	1	26	1
50	2	26	1
51	1	26	1
52	0	26	1
53	2	26	1
54	1	26	1
55	1	26	1
1	0	27	1
2	0	27	1
3	0	27	1
4	0	27	1
5	0	27	1
6	0	27	1
7	0	27	1
8	0	27	1
9	0	27	1
10	2	27	1
11	2	27	1
12	0	27	1
13	0	27	1
14	0	27	1
15	0	27	1
16	0	27	1
17	1	27	1
18	0	27	1
19	3	27	1
20	1	27	1
21	4	27	1
22	1	27	1
23	4	27	1
24	0	27	1
25	3	27	1
26	5	27	1
27	0	27	1
28	6	27	1
29	6	27	1
30	5	27	1
31	3	27	1
32	2	27	1
33	6	27	1
34	4	27	1
35	5	27	1
36	5	27	1
37	0	27	1
38	3	27	1
39	0	27	1
40	0	27	1
41	1	27	1
42	5	27	1
43	1	27	1
44	2	27	1
45	0	27	1
46	0	27	1
47	0	27	1
48	0	27	1
49	2	27	1
50	0	27	1
51	1	27	1
52	0	27	1
53	2	27	1
54	2	27	1
55	0	27	1
56	0	27	1
57	0	27	1
58	2	27	1
1	0	28	1
2	0	28	1
3	0	28	1
4	0	28	1
5	0	28	1
6	0	28	1
7	0	28	1
8	0	28	1
9	0	28	1
10	1	28	1
11	0	28	1
12	0	28	1
13	0	28	1
14	0	28	1
15	0	28	1
16	0	28	1
17	1	28	1
18	1	28	1
19	1	28	1
20	2	28	1
21	4	28	1
22	2	28	1
23	1	28	1
24	0	28	1
25	0	28	1
26	9	28	1
27	0	28	1
28	8	28	1
29	4	28	1
30	2	28	1
31	5	28	1
32	1	28	1
33	6	28	1
34	0	28	1
35	8	28	1
36	8	28	1
37	1	28	1
38	2	28	1
39	0	28	1
40	1	28	1
41	2	28	1
42	1	28	1
43	1	28	1
44	5	28	1
45	1	28	1
46	0	28	1
47	0	28	1
48	2	28	1
49	0	28	1
50	2	28	1
51	3	28	1
52	0	28	1
53	2	28	1
54	1	28	1
55	0	28	1
56	0	28	1
57	0	28	1
58	0	28	1
59	0	28	1
60	0	28	1
61	0	28	1
62	0	28	1
63	0	28	1
64	0	28	1
65	0	28	1
66	1	28	1
1	0	29	1
2	0	29	1
3	0	29	1
4	0	29	1
5	0	29	1
6	0	29	1
7	0	29	1
8	0	29	1
9	0	29	1
10	1	29	1
11	2	29	1
12	0	29	1
13	0	29	1
14	0	29	1
15	0	29	1
16	0	29	1
17	0	29	1
18	1	29	1
19	1	29	1
20	1	29	1
21	4	29	1
22	4	29	1
23	2	29	1
24	0	29	1
25	4	29	1
26	5	29	1
27	0	29	1
28	4	29	1
29	2	29	1
30	5	29	1
31	2	29	1
32	1	29	1
33	4	29	1
34	3	29	1
35	6	29	1
36	7	29	1
37	4	29	1
38	0	29	1
39	3	29	1
40	1	29	1
41	0	29	1
42	2	29	1
43	0	29	1
44	2	29	1
45	0	29	1
46	0	29	1
47	0	29	1
48	3	29	1
49	1	29	1
50	4	29	1
51	2	29	1
52	0	29	1
53	0	29	1
54	4	29	1
55	3	29	1
56	0	29	1
57	0	29	1
58	1	29	1
1	0	30	1
2	0	30	1
3	0	30	1
4	0	30	1
5	0	30	1
6	0	30	1
7	0	30	1
8	0	30	1
9	0	30	1
10	0	30	1
11	0	30	1
12	0	30	1
13	0	30	1
14	0	30	1
15	0	30	1
16	0	30	1
17	3	30	1
18	2	30	1
19	3	30	1
20	0	30	1
21	5	30	1
22	3	30	1
23	3	30	1
24	0	30	1
25	0	30	1
26	8	30	1
27	0	30	1
28	3	30	1
29	2	30	1
30	3	30	1
31	2	30	1
32	1	30	1
33	4	30	1
34	3	30	1
35	9	30	1
36	1	30	1
37	2	30	1
38	3	30	1
39	1	30	1
40	0	30	1
41	4	30	1
42	1	30	1
43	1	30	1
44	5	30	1
45	1	30	1
46	0	30	1
47	0	30	1
48	2	30	1
49	2	30	1
50	1	30	1
51	3	30	1
52	0	30	1
53	0	30	1
54	2	30	1
55	1	30	1
56	0	30	1
57	0	30	1
58	1	30	1
59	0	30	1
60	0	30	1
61	0	30	1
62	0	30	1
63	0	30	1
64	0	30	1
65	0	30	1
66	4	30	1
1	0	31	1
2	0	31	1
3	0	31	1
4	0	31	1
5	0	31	1
6	0	31	1
7	0	31	1
8	0	31	1
9	0	31	1
10	1	31	1
11	0	31	1
12	0	31	1
13	2	31	1
14	0	31	1
15	0	31	1
16	0	31	1
17	0	31	1
18	3	31	1
19	4	31	1
20	1	31	1
21	2	31	1
22	2	31	1
23	1	31	1
24	0	31	1
25	1	31	1
26	7	31	1
27	0	31	1
28	4	31	1
29	1	31	1
30	4	31	1
31	3	31	1
32	0	31	1
33	5	31	1
34	5	31	1
35	6	31	1
36	5	31	1
37	4	31	1
38	5	31	1
39	0	31	1
40	2	31	1
41	0	31	1
42	4	31	1
43	1	31	1
44	3	31	1
45	1	31	1
46	0	31	1
47	0	31	1
48	2	31	1
49	0	31	1
50	2	31	1
51	4	31	1
52	0	31	1
53	1	31	1
54	1	31	1
55	2	31	1
1	0	32	1
2	0	32	1
3	0	32	1
4	0	32	1
5	0	32	1
6	0	32	1
7	0	32	1
8	0	32	1
9	0	32	1
10	1	32	1
11	1	32	1
12	0	32	1
13	2	32	1
14	0	32	1
15	0	32	1
16	0	32	1
17	1	32	1
18	1	32	1
19	4	32	1
20	2	32	1
21	4	32	1
22	4	32	1
23	4	32	1
24	0	32	1
25	3	32	1
26	4	32	1
27	0	32	1
28	7	32	1
29	3	32	1
30	6	32	1
31	2	32	1
32	2	32	1
33	1	32	1
34	4	32	1
35	1	32	1
36	3	32	1
37	3	32	1
38	6	32	1
39	5	32	1
40	2	32	1
41	0	32	1
42	3	32	1
43	0	32	1
44	4	32	1
45	2	32	1
46	0	32	1
47	0	32	1
48	1	32	1
49	0	32	1
50	0	32	1
51	1	32	1
52	0	32	1
53	0	32	1
54	1	32	1
55	0	32	1
56	0	32	1
57	0	32	1
58	1	32	1
1	0	33	1
2	0	33	1
3	0	33	1
4	0	33	1
5	0	33	1
6	0	33	1
7	0	33	1
8	0	33	1
9	0	33	1
10	0	33	1
11	1	33	1
12	0	33	1
13	0	33	1
14	0	33	1
15	0	33	1
16	0	33	1
17	1	33	1
18	0	33	1
19	0	33	1
20	0	33	1
21	3	33	1
22	2	33	1
23	3	33	1
24	0	33	1
25	1	33	1
26	8	33	1
27	0	33	1
28	5	33	1
29	3	33	1
30	5	33	1
31	2	33	1
32	1	33	1
33	7	33	1
34	3	33	1
35	3	33	1
36	2	33	1
37	7	33	1
38	5	33	1
39	1	33	1
40	3	33	1
41	0	33	1
42	1	33	1
43	2	33	1
44	0	33	1
45	1	33	1
46	0	33	1
47	0	33	1
48	6	33	1
49	0	33	1
50	3	33	1
51	5	33	1
52	0	33	1
53	1	33	1
54	2	33	1
55	1	33	1
56	0	33	1
57	0	33	1
58	0	33	1
59	0	33	1
60	0	33	1
61	0	33	1
62	0	33	1
63	0	33	1
64	0	33	1
65	0	33	1
66	1	33	1
1	0	34	1
2	0	34	1
3	0	34	1
4	0	34	1
5	0	34	1
6	0	34	1
7	0	34	1
8	0	34	1
9	0	34	1
10	2	34	1
11	1	34	1
12	0	34	1
13	2	34	1
14	0	34	1
15	0	34	1
16	0	34	1
17	1	34	1
18	1	34	1
19	4	34	1
20	0	34	1
21	6	34	1
22	0	34	1
23	0	34	1
24	0	34	1
25	3	34	1
26	1	34	1
27	0	34	1
28	3	34	1
29	1	34	1
30	9	34	1
31	3	34	1
32	1	34	1
33	4	34	1
34	2	34	1
35	8	34	1
36	6	34	1
37	5	34	1
38	4	34	1
39	0	34	1
40	1	34	1
41	1	34	1
42	2	34	1
43	2	34	1
44	8	34	1
45	1	34	1
46	0	34	1
47	0	34	1
48	1	34	1
49	0	34	1
50	1	34	1
51	2	34	1
52	0	34	1
53	0	34	1
54	1	34	1
55	2	34	1
1	0	35	1
2	0	35	1
3	0	35	1
4	0	35	1
5	0	35	1
6	0	35	1
7	0	35	1
8	0	35	1
9	0	35	1
10	1	35	1
11	0	35	1
12	0	35	1
13	0	35	1
14	0	35	1
15	0	35	1
16	0	35	1
17	0	35	1
18	0	35	1
19	2	35	1
20	0	35	1
21	2	35	1
22	1	35	1
23	3	35	1
24	0	35	1
25	10	35	1
26	3	35	1
27	0	35	1
28	8	35	1
29	2	35	1
30	7	35	1
31	5	35	1
32	2	35	1
33	6	35	1
34	3	35	1
35	8	35	1
36	1	35	1
37	1	35	1
38	4	35	1
39	1	35	1
40	1	35	1
41	1	35	1
42	2	35	1
43	1	35	1
44	3	35	1
45	1	35	1
46	0	35	1
47	0	35	1
48	4	35	1
49	0	35	1
50	2	35	1
51	1	35	1
52	0	35	1
53	1	35	1
54	0	35	1
55	1	35	1
56	0	35	1
57	0	35	1
58	0	35	1
59	0	35	1
60	0	35	1
61	0	35	1
62	0	35	1
63	0	35	1
64	0	35	1
65	0	35	1
66	1	35	1
1	0	36	1
2	0	36	1
3	0	36	1
4	0	36	1
5	0	36	1
6	0	36	1
7	0	36	1
8	0	36	1
9	0	36	1
10	2	36	1
11	1	36	1
12	0	36	1
13	0	36	1
14	0	36	1
15	0	36	1
16	0	36	1
17	0	36	1
18	1	36	1
19	3	36	1
20	2	36	1
21	4	36	1
22	3	36	1
23	2	36	1
24	0	36	1
25	6	36	1
26	8	36	1
27	0	36	1
28	9	36	1
29	0	36	1
30	3	36	1
31	4	36	1
32	1	36	1
33	5	36	1
34	3	36	1
35	3	36	1
36	5	36	1
37	0	36	1
38	2	36	1
39	0	36	1
40	3	36	1
41	2	36	1
42	0	36	1
43	3	36	1
44	4	36	1
45	0	36	1
46	0	36	1
47	0	36	1
48	1	36	1
49	1	36	1
50	0	36	1
51	3	36	1
52	0	36	1
53	1	36	1
54	2	36	1
55	0	36	1
56	0	36	1
57	0	36	1
58	2	36	1
1	0	37	1
2	0	37	1
3	0	37	1
4	0	37	1
5	0	37	1
6	0	37	1
7	0	37	1
8	0	37	1
9	0	37	1
10	2	37	1
11	0	37	1
12	0	37	1
13	2	37	1
14	0	37	1
15	0	37	1
16	0	37	1
17	1	37	1
18	0	37	1
19	1	37	1
20	2	37	1
21	3	37	1
22	0	37	1
23	2	37	1
24	0	37	1
25	1	37	1
26	5	37	1
27	0	37	1
28	3	37	1
29	3	37	1
30	5	37	1
31	6	37	1
32	0	37	1
33	9	37	1
34	6	37	1
35	5	37	1
36	4	37	1
37	1	37	1
38	1	37	1
39	1	37	1
40	0	37	1
41	2	37	1
42	2	37	1
43	2	37	1
44	4	37	1
45	1	37	1
46	0	37	1
47	0	37	1
48	1	37	1
49	3	37	1
50	0	37	1
51	1	37	1
52	0	37	1
53	1	37	1
54	4	37	1
55	2	37	1
56	0	37	1
57	0	37	1
58	2	37	1
59	0	37	1
60	0	37	1
61	0	37	1
62	0	37	1
63	0	37	1
64	0	37	1
65	0	37	1
66	1	37	1
1	0	38	1
2	0	38	1
3	0	38	1
4	0	38	1
5	0	38	1
6	0	38	1
7	0	38	1
8	0	38	1
9	0	38	1
10	1	38	1
11	1	38	1
12	0	38	1
13	1	38	1
14	0	38	1
15	0	38	1
16	0	38	1
17	2	38	1
18	0	38	1
19	4	38	1
20	2	38	1
21	4	38	1
22	2	38	1
23	0	38	1
24	0	38	1
25	1	38	1
26	9	38	1
27	0	38	1
28	4	38	1
29	2	38	1
30	4	38	1
31	2	38	1
32	2	38	1
33	6	38	1
34	1	38	1
35	4	38	1
36	4	38	1
37	2	38	1
38	11	38	1
39	1	38	1
40	1	38	1
41	2	38	1
42	2	38	1
43	0	38	1
44	1	38	1
45	1	38	1
46	0	38	1
47	0	38	1
48	3	38	1
49	1	38	1
50	3	38	1
51	0	38	1
52	0	38	1
53	3	38	1
54	0	38	1
55	1	38	1
56	0	38	1
57	0	38	1
58	0	38	1
59	0	38	1
60	0	38	1
61	0	38	1
62	0	38	1
63	0	38	1
64	0	38	1
65	0	38	1
66	1	38	1
1	0	39	1
2	0	39	1
3	0	39	1
4	0	39	1
5	0	39	1
6	0	39	1
7	0	39	1
8	0	39	1
9	0	39	1
10	2	39	1
11	1	39	1
12	0	39	1
13	0	39	1
14	0	39	1
15	0	39	1
16	0	39	1
17	2	39	1
18	0	39	1
19	5	39	1
20	1	39	1
21	3	39	1
22	1	39	1
23	4	39	1
24	0	39	1
25	1	39	1
26	8	39	1
27	0	39	1
28	7	39	1
29	4	39	1
30	3	39	1
31	3	39	1
32	4	39	1
33	2	39	1
34	3	39	1
35	4	39	1
36	2	39	1
37	2	39	1
38	5	39	1
39	3	39	1
40	2	39	1
41	0	39	1
42	3	39	1
43	0	39	1
44	3	39	1
45	0	39	1
46	0	39	1
47	0	39	1
48	2	39	1
49	0	39	1
50	0	39	1
51	1	39	1
52	0	39	1
53	1	39	1
54	1	39	1
55	3	39	1
56	0	39	1
57	0	39	1
58	1	39	1
59	0	39	1
60	0	39	1
61	0	39	1
62	0	39	1
63	0	39	1
64	0	39	1
65	0	39	1
66	2	39	1
1	0	40	1
2	0	40	1
3	0	40	1
4	0	40	1
5	0	40	1
6	0	40	1
7	0	40	1
8	0	40	1
9	0	40	1
10	0	40	1
11	2	40	1
12	0	40	1
13	0	40	1
14	0	40	1
15	0	40	1
16	0	40	1
17	1	40	1
18	2	40	1
19	0	40	1
20	3	40	1
21	4	40	1
22	3	40	1
23	3	40	1
24	0	40	1
25	2	40	1
26	4	40	1
27	0	40	1
28	6	40	1
29	2	40	1
30	6	40	1
31	5	40	1
32	0	40	1
33	3	40	1
34	2	40	1
35	4	40	1
36	3	40	1
37	2	40	1
38	8	40	1
39	1	40	1
40	1	40	1
41	1	40	1
42	0	40	1
43	1	40	1
44	4	40	1
45	1	40	1
46	0	40	1
47	0	40	1
48	2	40	1
49	2	40	1
50	2	40	1
51	3	40	1
52	0	40	1
53	3	40	1
54	1	40	1
55	1	40	1
56	0	40	1
57	0	40	1
58	0	40	1
59	0	40	1
60	0	40	1
61	0	40	1
62	0	40	1
63	0	40	1
64	0	40	1
65	0	40	1
66	1	40	1
1	0	41	1
2	0	41	1
3	0	41	1
4	0	41	1
5	0	41	1
6	0	41	1
7	0	41	1
8	0	41	1
9	0	41	1
10	2	41	1
11	0	41	1
12	0	41	1
13	3	41	1
14	0	41	1
15	0	41	1
16	0	41	1
17	1	41	1
18	1	41	1
19	6	41	1
20	1	41	1
21	2	41	1
22	2	41	1
23	4	41	1
24	0	41	1
25	2	41	1
26	3	41	1
27	0	41	1
28	2	41	1
29	7	41	1
30	4	41	1
31	0	41	1
32	1	41	1
33	4	41	1
34	3	41	1
35	9	41	1
36	6	41	1
37	3	41	1
38	3	41	1
39	1	41	1
40	1	41	1
41	1	41	1
42	0	41	1
43	0	41	1
44	2	41	1
45	0	41	1
46	0	41	1
47	0	41	1
48	1	41	1
49	1	41	1
50	1	41	1
51	2	41	1
52	0	41	1
53	1	41	1
54	1	41	1
55	3	41	1
56	0	41	1
57	0	41	1
58	3	41	1
59	0	41	1
60	0	41	1
61	0	41	1
62	0	41	1
63	0	41	1
64	0	41	1
65	0	41	1
66	2	41	1
1	0	42	1
2	0	42	1
3	0	42	1
4	0	42	1
5	0	42	1
6	0	42	1
7	0	42	1
8	0	42	1
9	0	42	1
10	1	42	1
11	0	42	1
12	0	42	1
13	1	42	1
14	0	42	1
15	0	42	1
16	0	42	1
17	2	42	1
18	0	42	1
19	2	42	1
20	0	42	1
21	7	42	1
22	2	42	1
23	2	42	1
24	0	42	1
25	0	42	1
26	1	42	1
27	0	42	1
28	2	42	1
29	3	42	1
30	5	42	1
31	4	42	1
32	1	42	1
33	8	42	1
34	4	42	1
35	6	42	1
36	3	42	1
37	1	42	1
38	6	42	1
39	1	42	1
40	1	42	1
41	1	42	1
42	4	42	1
43	4	42	1
44	6	42	1
45	1	42	1
46	0	42	1
47	0	42	1
48	2	42	1
49	1	42	1
50	2	42	1
51	2	42	1
52	0	42	1
53	0	42	1
54	2	42	1
55	1	42	1
1	0	43	1
2	0	43	1
3	0	43	1
4	0	43	1
5	0	43	1
6	0	43	1
7	0	43	1
8	0	43	1
9	0	43	1
10	0	43	1
11	3	43	1
12	0	43	1
13	0	43	1
14	0	43	1
15	0	43	1
16	0	43	1
17	0	43	1
18	1	43	1
19	3	43	1
20	2	43	1
21	5	43	1
22	3	43	1
23	3	43	1
24	0	43	1
25	4	43	1
26	6	43	1
27	0	43	1
28	4	43	1
29	0	43	1
30	5	43	1
31	0	43	1
32	0	43	1
33	6	43	1
34	5	43	1
35	5	43	1
36	3	43	1
37	3	43	1
38	7	43	1
39	1	43	1
40	0	43	1
41	1	43	1
42	2	43	1
43	1	43	1
44	0	43	1
45	3	43	1
46	0	43	1
47	0	43	1
48	3	43	1
49	2	43	1
50	1	43	1
51	2	43	1
52	0	43	1
53	0	43	1
54	1	43	1
55	2	43	1
56	0	43	1
57	0	43	1
58	2	43	1
1	0	44	1
2	0	44	1
3	0	44	1
4	0	44	1
5	0	44	1
6	0	44	1
7	0	44	1
8	0	44	1
9	0	44	1
10	1	44	1
11	3	44	1
12	0	44	1
13	0	44	1
14	0	44	1
15	0	44	1
16	0	44	1
17	2	44	1
18	0	44	1
19	4	44	1
20	1	44	1
21	3	44	1
22	0	44	1
23	2	44	1
24	0	44	1
25	4	44	1
26	6	44	1
27	0	44	1
28	3	44	1
29	2	44	1
30	5	44	1
31	2	44	1
32	0	44	1
33	7	44	1
34	5	44	1
35	7	44	1
36	4	44	1
37	3	44	1
38	5	44	1
39	1	44	1
40	1	44	1
41	1	44	1
42	2	44	1
43	2	44	1
44	7	44	1
45	1	44	1
46	0	44	1
47	0	44	1
48	1	44	1
49	0	44	1
50	1	44	1
51	3	44	1
1	0	45	1
2	0	45	1
3	0	45	1
4	0	45	1
5	0	45	1
6	0	45	1
7	0	45	1
8	0	45	1
9	0	45	1
10	0	45	1
11	1	45	1
12	0	45	1
13	1	45	1
14	0	45	1
15	0	45	1
16	0	45	1
17	0	45	1
18	0	45	1
19	6	45	1
20	2	45	1
21	4	45	1
22	3	45	1
23	2	45	1
24	0	45	1
25	4	45	1
26	6	45	1
27	0	45	1
28	6	45	1
29	4	45	1
30	6	45	1
31	4	45	1
32	1	45	1
33	4	45	1
34	1	45	1
35	5	45	1
36	0	45	1
37	2	45	1
38	2	45	1
39	0	45	1
40	0	45	1
41	0	45	1
42	1	45	1
43	1	45	1
44	12	45	1
45	0	45	1
46	0	45	1
47	0	45	1
48	4	45	1
49	0	45	1
50	0	45	1
51	1	45	1
52	0	45	1
53	1	45	1
54	2	45	1
55	2	45	1
56	0	45	1
57	0	45	1
58	0	45	1
59	0	45	1
60	0	45	1
61	0	45	1
62	0	45	1
63	0	45	1
64	0	45	1
65	0	45	1
66	1	45	1
1	0	46	1
2	0	46	1
3	0	46	1
4	0	46	1
5	0	46	1
6	0	46	1
7	0	46	1
8	0	46	1
9	0	46	1
10	2	46	1
11	2	46	1
12	0	46	1
13	0	46	1
14	0	46	1
15	0	46	1
16	0	46	1
17	1	46	1
18	2	46	1
19	6	46	1
20	1	46	1
21	9	46	1
22	1	46	1
23	0	46	1
24	0	46	1
25	1	46	1
26	3	46	1
27	0	46	1
28	6	46	1
29	4	46	1
30	4	46	1
31	4	46	1
32	1	46	1
33	6	46	1
34	0	46	1
35	7	46	1
36	0	46	1
37	3	46	1
38	4	46	1
39	1	46	1
40	0	46	1
41	1	46	1
42	4	46	1
43	4	46	1
44	2	46	1
45	0	46	1
46	0	46	1
47	0	46	1
48	3	46	1
49	1	46	1
50	1	46	1
51	3	46	1
52	0	46	1
53	0	46	1
54	0	46	1
55	0	46	1
56	0	46	1
57	0	46	1
58	1	46	1
59	0	46	1
60	0	46	1
61	0	46	1
62	0	46	1
63	0	46	1
64	0	46	1
65	0	46	1
66	1	46	1
1	0	47	1
2	0	47	1
3	0	47	1
4	0	47	1
5	0	47	1
6	0	47	1
7	0	47	1
8	0	47	1
9	0	47	1
10	2	47	1
11	2	47	1
12	0	47	1
13	0	47	1
14	0	47	1
15	0	47	1
16	0	47	1
17	1	47	1
18	0	47	1
19	3	47	1
20	1	47	1
21	3	47	1
22	3	47	1
23	3	47	1
24	0	47	1
25	2	47	1
26	4	47	1
27	0	47	1
28	6	47	1
29	6	47	1
30	5	47	1
31	2	47	1
32	1	47	1
33	3	47	1
34	3	47	1
35	10	47	1
36	4	47	1
37	3	47	1
38	6	47	1
39	0	47	1
40	0	47	1
41	0	47	1
42	0	47	1
43	1	47	1
44	3	47	1
45	1	47	1
46	0	47	1
47	0	47	1
48	0	47	1
49	2	47	1
50	0	47	1
51	2	47	1
52	0	47	1
53	1	47	1
54	2	47	1
55	0	47	1
56	0	47	1
57	0	47	1
58	4	47	1
1	0	48	1
2	0	48	1
3	0	48	1
4	0	48	1
5	0	48	1
6	0	48	1
7	0	48	1
8	0	48	1
9	0	48	1
10	3	48	1
11	0	48	1
12	0	48	1
13	2	48	1
14	0	48	1
15	0	48	1
16	0	48	1
17	0	48	1
18	2	48	1
19	2	48	1
20	1	48	1
21	3	48	1
22	1	48	1
23	1	48	1
24	0	48	1
25	1	48	1
26	4	48	1
27	0	48	1
28	6	48	1
29	3	48	1
30	5	48	1
31	1	48	1
32	0	48	1
33	7	48	1
34	8	48	1
35	4	48	1
36	4	48	1
37	2	48	1
38	1	48	1
39	0	48	1
40	1	48	1
41	1	48	1
42	5	48	1
43	3	48	1
44	5	48	1
45	0	48	1
46	0	48	1
47	0	48	1
48	3	48	1
49	0	48	1
50	0	48	1
51	2	48	1
52	0	48	1
53	3	48	1
54	1	48	1
55	2	48	1
56	0	48	1
57	0	48	1
58	1	48	1
59	0	48	1
60	0	48	1
61	0	48	1
62	0	48	1
63	0	48	1
64	0	48	1
65	0	48	1
66	1	48	1
1	0	49	1
2	0	49	1
3	0	49	1
4	0	49	1
5	0	49	1
6	0	49	1
7	0	49	1
8	0	49	1
9	0	49	1
10	1	49	1
11	0	49	1
12	0	49	1
13	2	49	1
14	0	49	1
15	0	49	1
16	0	49	1
17	2	49	1
18	1	49	1
19	3	49	1
20	1	49	1
21	9	49	1
22	2	49	1
23	4	49	1
24	0	49	1
25	1	49	1
26	4	49	1
27	0	49	1
28	3	49	1
29	3	49	1
30	8	49	1
31	4	49	1
32	0	49	1
33	5	49	1
34	2	49	1
35	2	49	1
36	4	49	1
37	2	49	1
38	3	49	1
39	1	49	1
40	1	49	1
41	1	49	1
42	1	49	1
43	1	49	1
44	4	49	1
45	1	49	1
46	0	49	1
47	0	49	1
48	0	49	1
49	0	49	1
50	2	49	1
51	2	49	1
52	0	49	1
53	3	49	1
54	0	49	1
55	3	49	1
56	0	49	1
57	0	49	1
58	0	49	1
59	0	49	1
60	0	49	1
61	0	49	1
62	0	49	1
63	0	49	1
64	0	49	1
65	0	49	1
66	3	49	1
1	0	50	1
2	0	50	1
3	0	50	1
4	0	50	1
5	0	50	1
6	0	50	1
7	0	50	1
8	0	50	1
9	0	50	1
10	1	50	1
11	2	50	1
12	0	50	1
13	0	50	1
14	0	50	1
15	0	50	1
16	0	50	1
17	0	50	1
18	0	50	1
19	5	50	1
20	0	50	1
21	5	50	1
22	6	50	1
23	0	50	1
24	0	50	1
25	2	50	1
26	1	50	1
27	0	50	1
28	7	50	1
29	3	50	1
30	9	50	1
31	1	50	1
32	0	50	1
33	7	50	1
34	4	50	1
35	6	50	1
36	3	50	1
37	2	50	1
38	2	50	1
39	1	50	1
40	1	50	1
41	0	50	1
42	1	50	1
43	1	50	1
44	6	50	1
45	3	50	1
46	0	50	1
47	0	50	1
48	0	50	1
49	1	50	1
50	0	50	1
51	1	50	1
52	0	50	1
53	2	50	1
54	0	50	1
55	2	50	1
56	0	50	1
57	0	50	1
58	1	50	1
59	0	50	1
60	0	50	1
61	0	50	1
62	0	50	1
63	0	50	1
64	0	50	1
65	0	50	1
66	3	50	1
1	0	51	1
2	0	51	1
3	0	51	1
4	0	51	1
5	0	51	1
6	0	51	1
7	0	51	1
8	0	51	1
9	0	51	1
10	1	51	1
11	0	51	1
12	0	51	1
13	1	51	1
14	0	51	1
15	0	51	1
16	0	51	1
17	1	51	1
18	1	51	1
19	3	51	1
20	1	51	1
21	7	51	1
22	5	51	1
23	3	51	1
24	0	51	1
25	3	51	1
26	5	51	1
27	0	51	1
28	4	51	1
29	4	51	1
30	3	51	1
31	5	51	1
32	0	51	1
33	5	51	1
34	3	51	1
35	5	51	1
36	5	51	1
37	2	51	1
38	6	51	1
39	0	51	1
40	1	51	1
41	1	51	1
42	2	51	1
43	2	51	1
44	2	51	1
45	0	51	1
46	0	51	1
47	0	51	1
48	2	51	1
49	0	51	1
50	0	51	1
51	1	51	1
52	0	51	1
53	2	51	1
54	1	51	1
55	1	51	1
56	0	51	1
57	0	51	1
58	1	51	1
1	0	52	1
2	0	52	1
3	0	52	1
4	0	52	1
5	0	52	1
6	0	52	1
7	0	52	1
8	0	52	1
9	0	52	1
10	1	52	1
11	0	52	1
12	0	52	1
13	1	52	1
14	0	52	1
15	0	52	1
16	0	52	1
17	3	52	1
18	0	52	1
19	3	52	1
20	0	52	1
21	3	52	1
22	0	52	1
23	2	52	1
24	0	52	1
25	4	52	1
26	6	52	1
27	0	52	1
28	6	52	1
29	6	52	1
30	4	52	1
31	7	52	1
32	0	52	1
33	4	52	1
34	5	52	1
35	3	52	1
36	3	52	1
37	4	52	1
38	4	52	1
39	0	52	1
40	1	52	1
41	0	52	1
42	2	52	1
43	3	52	1
44	2	52	1
45	2	52	1
46	0	52	1
47	0	52	1
48	3	52	1
49	1	52	1
50	0	52	1
51	1	52	1
52	0	52	1
53	2	52	1
54	1	52	1
55	1	52	1
56	0	52	1
57	0	52	1
58	0	52	1
59	0	52	1
60	0	52	1
61	0	52	1
62	0	52	1
63	0	52	1
64	0	52	1
65	0	52	1
66	1	52	1
1	0	53	1
2	0	53	1
3	0	53	1
4	0	53	1
5	0	53	1
6	0	53	1
7	0	53	1
8	0	53	1
9	0	53	1
10	1	53	1
11	2	53	1
12	0	53	1
13	2	53	1
14	0	53	1
15	0	53	1
16	0	53	1
17	1	53	1
18	0	53	1
19	1	53	1
20	0	53	1
21	4	53	1
22	1	53	1
23	1	53	1
24	0	53	1
25	1	53	1
26	2	53	1
27	0	53	1
28	3	53	1
29	7	53	1
30	6	53	1
31	3	53	1
32	2	53	1
33	5	53	1
34	5	53	1
35	3	53	1
36	2	53	1
37	2	53	1
38	5	53	1
39	1	53	1
40	2	53	1
41	2	53	1
42	5	53	1
43	3	53	1
44	3	53	1
45	0	53	1
46	0	53	1
47	0	53	1
48	2	53	1
49	1	53	1
50	0	53	1
51	5	53	1
52	0	53	1
53	3	53	1
54	0	53	1
55	0	53	1
56	0	53	1
57	0	53	1
58	3	53	1
1	0	54	1
2	0	54	1
3	0	54	1
4	0	54	1
5	0	54	1
6	0	54	1
7	0	54	1
8	0	54	1
9	0	54	1
10	0	54	1
11	0	54	1
12	0	54	1
13	2	54	1
14	0	54	1
15	0	54	1
16	0	54	1
17	0	54	1
18	1	54	1
19	2	54	1
20	1	54	1
21	3	54	1
22	1	54	1
23	2	54	1
24	0	54	1
25	2	54	1
26	2	54	1
27	0	54	1
28	7	54	1
29	4	54	1
30	2	54	1
31	5	54	1
32	3	54	1
33	6	54	1
34	2	54	1
35	7	54	1
36	3	54	1
37	1	54	1
38	6	54	1
39	0	54	1
40	1	54	1
41	1	54	1
42	4	54	1
43	2	54	1
44	6	54	1
45	2	54	1
46	0	54	1
47	0	54	1
48	3	54	1
49	1	54	1
50	2	54	1
51	0	54	1
52	0	54	1
53	2	54	1
54	0	54	1
55	1	54	1
56	0	54	1
57	0	54	1
58	2	54	1
1	0	55	1
2	0	55	1
3	0	55	1
4	0	55	1
5	0	55	1
6	0	55	1
7	0	55	1
8	0	55	1
9	0	55	1
10	1	55	1
11	2	55	1
12	0	55	1
13	1	55	1
14	0	55	1
15	0	55	1
16	0	55	1
17	1	55	1
18	0	55	1
19	1	55	1
20	0	55	1
21	5	55	1
22	2	55	1
23	1	55	1
24	0	55	1
25	1	55	1
26	7	55	1
27	0	55	1
28	9	55	1
29	4	55	1
30	5	55	1
31	4	55	1
32	1	55	1
33	5	55	1
34	1	55	1
35	6	55	1
36	4	55	1
37	1	55	1
38	5	55	1
39	1	55	1
40	3	55	1
41	1	55	1
42	3	55	1
43	2	55	1
44	4	55	1
45	2	55	1
46	0	55	1
47	0	55	1
48	2	55	1
49	0	55	1
50	0	55	1
51	2	55	1
52	0	55	1
53	0	55	1
54	0	55	1
55	1	55	1
56	0	55	1
57	0	55	1
58	1	55	1
1	0	56	1
2	0	56	1
3	0	56	1
4	0	56	1
5	0	56	1
6	0	56	1
7	0	56	1
8	0	56	1
9	0	56	1
10	1	56	1
11	1	56	1
12	0	56	1
13	1	56	1
14	0	56	1
15	0	56	1
16	0	56	1
17	0	56	1
18	0	56	1
19	4	56	1
20	0	56	1
21	8	56	1
22	1	56	1
23	2	56	1
24	0	56	1
25	2	56	1
26	5	56	1
27	0	56	1
28	10	56	1
29	3	56	1
30	2	56	1
31	3	56	1
32	2	56	1
33	1	56	1
34	1	56	1
35	6	56	1
36	5	56	1
37	2	56	1
38	9	56	1
39	0	56	1
40	1	56	1
41	2	56	1
42	0	56	1
43	2	56	1
44	3	56	1
45	2	56	1
46	0	56	1
47	0	56	1
48	3	56	1
49	1	56	1
50	1	56	1
51	1	56	1
52	0	56	1
53	0	56	1
54	2	56	1
55	1	56	1
56	0	56	1
57	0	56	1
58	1	56	1
1	0	57	1
2	0	57	1
3	0	57	1
4	0	57	1
5	0	57	1
6	0	57	1
7	0	57	1
8	0	57	1
9	0	57	1
10	4	57	1
11	0	57	1
12	0	57	1
13	2	57	1
14	0	57	1
15	0	57	1
16	0	57	1
17	0	57	1
18	0	57	1
19	2	57	1
20	1	57	1
21	3	57	1
22	1	57	1
23	1	57	1
24	0	57	1
25	3	57	1
26	8	57	1
27	0	57	1
28	3	57	1
29	2	57	1
30	4	57	1
31	3	57	1
32	2	57	1
33	2	57	1
34	5	57	1
35	8	57	1
36	3	57	1
37	7	57	1
38	6	57	1
39	0	57	1
40	0	57	1
41	0	57	1
42	2	57	1
43	1	57	1
44	5	57	1
45	3	57	1
46	0	57	1
47	0	57	1
48	1	57	1
49	0	57	1
50	3	57	1
51	1	57	1
52	0	57	1
53	0	57	1
54	0	57	1
55	0	57	1
56	0	57	1
57	0	57	1
58	1	57	1
59	0	57	1
60	0	57	1
61	0	57	1
62	0	57	1
63	0	57	1
64	0	57	1
65	0	57	1
66	2	57	1
1	0	58	1
2	0	58	1
3	0	58	1
4	0	58	1
5	0	58	1
6	0	58	1
7	0	58	1
8	0	58	1
9	0	58	1
10	2	58	1
11	1	58	1
12	0	58	1
13	0	58	1
14	0	58	1
15	0	58	1
16	0	58	1
17	2	58	1
18	3	58	1
19	7	58	1
20	1	58	1
21	5	58	1
22	1	58	1
23	1	58	1
24	0	58	1
25	0	58	1
26	6	58	1
27	0	58	1
28	7	58	1
29	7	58	1
30	2	58	1
31	2	58	1
32	0	58	1
33	6	58	1
34	1	58	1
35	8	58	1
36	0	58	1
37	1	58	1
38	4	58	1
39	0	58	1
40	0	58	1
41	1	58	1
42	1	58	1
43	3	58	1
44	8	58	1
45	0	58	1
46	0	58	1
47	0	58	1
48	1	58	1
49	1	58	1
50	1	58	1
51	1	58	1
52	0	58	1
53	0	58	1
54	2	58	1
55	1	58	1
56	0	58	1
57	0	58	1
58	1	58	1
59	0	58	1
60	0	58	1
61	0	58	1
62	0	58	1
63	0	58	1
64	0	58	1
65	0	58	1
66	1	58	1
1	0	59	1
2	0	59	1
3	0	59	1
4	0	59	1
5	0	59	1
6	0	59	1
7	0	59	1
8	0	59	1
9	0	59	1
10	3	59	1
11	0	59	1
12	0	59	1
13	1	59	1
14	0	59	1
15	0	59	1
16	0	59	1
17	1	59	1
18	3	59	1
19	5	59	1
20	3	59	1
21	5	59	1
22	4	59	1
23	0	59	1
24	0	59	1
25	4	59	1
26	10	59	1
27	0	59	1
28	1	59	1
29	3	59	1
30	4	59	1
31	2	59	1
32	2	59	1
33	1	59	1
34	2	59	1
35	2	59	1
36	6	59	1
37	3	59	1
38	3	59	1
39	0	59	1
40	0	59	1
41	4	59	1
42	1	59	1
43	3	59	1
44	4	59	1
45	2	59	1
46	0	59	1
47	0	59	1
48	1	59	1
49	0	59	1
50	1	59	1
51	1	59	1
52	0	59	1
53	2	59	1
54	0	59	1
55	0	59	1
56	0	59	1
57	0	59	1
58	2	59	1
1	0	60	1
2	0	60	1
3	0	60	1
4	0	60	1
5	0	60	1
6	0	60	1
7	0	60	1
8	0	60	1
9	0	60	1
10	1	60	1
11	1	60	1
12	0	60	1
13	1	60	1
14	0	60	1
15	0	60	1
16	0	60	1
17	1	60	1
18	2	60	1
19	3	60	1
20	0	60	1
21	0	60	1
22	2	60	1
23	2	60	1
24	0	60	1
25	1	60	1
26	3	60	1
27	0	60	1
28	5	60	1
29	2	60	1
30	4	60	1
31	3	60	1
32	2	60	1
33	11	60	1
34	4	60	1
35	7	60	1
36	3	60	1
37	4	60	1
38	5	60	1
39	0	60	1
40	0	60	1
41	0	60	1
42	2	60	1
43	4	60	1
44	5	60	1
45	2	60	1
46	0	60	1
47	0	60	1
48	1	60	1
49	0	60	1
50	2	60	1
51	2	60	1
52	0	60	1
53	2	60	1
54	1	60	1
55	0	60	1
56	0	60	1
57	0	60	1
58	1	60	1
1	0	61	1
2	0	61	1
3	0	61	1
4	0	61	1
5	0	61	1
6	0	61	1
7	0	61	1
8	0	61	1
9	0	61	1
10	0	61	1
11	0	61	1
12	0	61	1
13	0	61	1
14	0	61	1
15	0	61	1
16	0	61	1
17	3	61	1
18	4	61	1
19	5	61	1
20	1	61	1
21	4	61	1
22	1	61	1
23	3	61	1
24	0	61	1
25	1	61	1
26	5	61	1
27	0	61	1
28	2	61	1
29	4	61	1
30	2	61	1
31	4	61	1
32	3	61	1
33	3	61	1
34	2	61	1
35	4	61	1
36	6	61	1
37	1	61	1
38	7	61	1
39	1	61	1
40	2	61	1
41	1	61	1
42	0	61	1
43	1	61	1
44	6	61	1
45	2	61	1
46	0	61	1
47	0	61	1
48	3	61	1
49	2	61	1
50	1	61	1
51	1	61	1
52	0	61	1
53	0	61	1
54	1	61	1
55	1	61	1
56	0	61	1
57	0	61	1
58	1	61	1
59	0	61	1
60	0	61	1
61	0	61	1
62	0	61	1
63	0	61	1
64	0	61	1
65	0	61	1
66	1	61	1
1	0	62	1
2	0	62	1
3	0	62	1
4	0	62	1
5	0	62	1
6	0	62	1
7	0	62	1
8	0	62	1
9	0	62	1
10	0	62	1
11	0	62	1
12	0	62	1
13	3	62	1
14	0	62	1
15	0	62	1
16	0	62	1
17	0	62	1
18	2	62	1
19	1	62	1
20	1	62	1
21	5	62	1
22	1	62	1
23	3	62	1
24	0	62	1
25	5	62	1
26	2	62	1
27	0	62	1
28	3	62	1
29	4	62	1
30	10	62	1
31	5	62	1
32	1	62	1
33	7	62	1
34	2	62	1
35	6	62	1
36	2	62	1
37	2	62	1
38	2	62	1
39	2	62	1
40	4	62	1
41	0	62	1
42	0	62	1
43	3	62	1
44	3	62	1
45	0	62	1
46	0	62	1
47	0	62	1
48	3	62	1
49	1	62	1
50	2	62	1
51	1	62	1
52	0	62	1
53	1	62	1
54	0	62	1
55	1	62	1
56	0	62	1
57	0	62	1
58	0	62	1
59	0	62	1
60	0	62	1
61	0	62	1
62	0	62	1
63	0	62	1
64	0	62	1
65	0	62	1
66	1	62	1
1	0	63	1
2	0	63	1
3	0	63	1
4	0	63	1
5	0	63	1
6	0	63	1
7	0	63	1
8	0	63	1
9	0	63	1
10	1	63	1
11	4	63	1
12	0	63	1
13	1	63	1
14	0	63	1
15	0	63	1
16	0	63	1
17	1	63	1
18	0	63	1
19	1	63	1
20	0	63	1
21	3	63	1
22	1	63	1
23	5	63	1
24	0	63	1
25	3	63	1
26	2	63	1
27	0	63	1
28	6	63	1
29	3	63	1
30	5	63	1
31	6	63	1
32	1	63	1
33	3	63	1
34	0	63	1
35	8	63	1
36	5	63	1
37	2	63	1
38	7	63	1
39	1	63	1
40	0	63	1
41	2	63	1
42	2	63	1
43	2	63	1
44	4	63	1
45	2	63	1
46	0	63	1
47	0	63	1
48	2	63	1
49	0	63	1
50	1	63	1
51	1	63	1
52	0	63	1
53	1	63	1
54	1	63	1
55	1	63	1
56	0	63	1
57	0	63	1
58	1	63	1
1	0	64	1
2	0	64	1
3	0	64	1
4	0	64	1
5	0	64	1
6	0	64	1
7	0	64	1
8	0	64	1
9	0	64	1
10	0	64	1
11	1	64	1
12	0	64	1
13	1	64	1
14	0	64	1
15	0	64	1
16	0	64	1
17	0	64	1
18	1	64	1
19	4	64	1
20	0	64	1
21	5	64	1
22	2	64	1
23	1	64	1
24	0	64	1
25	5	64	1
26	4	64	1
27	0	64	1
28	6	64	1
29	2	64	1
30	3	64	1
31	3	64	1
32	2	64	1
33	4	64	1
34	4	64	1
35	6	64	1
36	7	64	1
37	1	64	1
38	3	64	1
39	0	64	1
40	2	64	1
41	3	64	1
42	1	64	1
43	1	64	1
44	1	64	1
45	3	64	1
46	0	64	1
47	0	64	1
48	1	64	1
49	4	64	1
50	1	64	1
51	2	64	1
52	0	64	1
53	1	64	1
54	1	64	1
55	2	64	1
56	0	64	1
57	0	64	1
58	0	64	1
59	0	64	1
60	0	64	1
61	0	64	1
62	0	64	1
63	0	64	1
64	0	64	1
65	0	64	1
66	1	64	1
1	0	65	1
2	0	65	1
3	0	65	1
4	0	65	1
5	0	65	1
6	0	65	1
7	0	65	1
8	0	65	1
9	0	65	1
10	0	65	1
11	0	65	1
12	0	65	1
13	0	65	1
14	0	65	1
15	0	65	1
16	0	65	1
17	2	65	1
18	1	65	1
19	1	65	1
20	1	65	1
21	1	65	1
22	2	65	1
23	4	65	1
24	0	65	1
25	2	65	1
26	7	65	1
27	0	65	1
28	10	65	1
29	3	65	1
30	10	65	1
31	4	65	1
32	0	65	1
33	7	65	1
34	1	65	1
35	2	65	1
36	5	65	1
37	2	65	1
38	0	65	1
39	1	65	1
40	0	65	1
41	1	65	1
42	2	65	1
43	0	65	1
44	8	65	1
45	0	65	1
46	0	65	1
47	0	65	1
48	3	65	1
49	0	65	1
50	0	65	1
51	2	65	1
52	0	65	1
53	1	65	1
54	1	65	1
55	2	65	1
56	0	65	1
57	0	65	1
58	0	65	1
59	0	65	1
60	0	65	1
61	0	65	1
62	0	65	1
63	0	65	1
64	0	65	1
65	0	65	1
66	3	65	1
1	0	66	1
2	0	66	1
3	0	66	1
4	0	66	1
5	0	66	1
6	0	66	1
7	0	66	1
8	0	66	1
9	0	66	1
10	1	66	1
11	2	66	1
12	0	66	1
13	0	66	1
14	0	66	1
15	0	66	1
16	0	66	1
17	2	66	1
18	0	66	1
19	4	66	1
20	1	66	1
21	7	66	1
22	1	66	1
23	3	66	1
24	0	66	1
25	5	66	1
26	3	66	1
27	0	66	1
28	6	66	1
29	3	66	1
30	5	66	1
31	2	66	1
32	0	66	1
33	3	66	1
34	4	66	1
35	5	66	1
36	2	66	1
37	4	66	1
38	5	66	1
39	1	66	1
40	0	66	1
41	1	66	1
42	0	66	1
43	1	66	1
44	5	66	1
45	2	66	1
46	0	66	1
47	0	66	1
48	2	66	1
49	1	66	1
50	0	66	1
51	1	66	1
52	0	66	1
53	1	66	1
54	1	66	1
55	0	66	1
56	0	66	1
57	0	66	1
58	3	66	1
59	0	66	1
60	0	66	1
61	0	66	1
62	0	66	1
63	0	66	1
64	0	66	1
65	0	66	1
66	2	66	1
1	0	67	1
2	0	67	1
3	0	67	1
4	0	67	1
5	0	67	1
6	0	67	1
7	0	67	1
8	0	67	1
9	0	67	1
10	5	67	1
11	0	67	1
12	0	67	1
13	3	67	1
14	0	67	1
15	0	67	1
16	0	67	1
17	1	67	1
18	3	67	1
19	1	67	1
20	0	67	1
21	5	67	1
22	0	67	1
23	1	67	1
24	0	67	1
25	0	67	1
26	5	67	1
27	0	67	1
28	2	67	1
29	3	67	1
30	10	67	1
31	1	67	1
32	0	67	1
33	5	67	1
34	0	67	1
35	9	67	1
36	3	67	1
37	3	67	1
38	2	67	1
39	2	67	1
40	0	67	1
41	0	67	1
42	2	67	1
43	4	67	1
44	2	67	1
45	1	67	1
46	0	67	1
47	0	67	1
48	3	67	1
49	0	67	1
50	1	67	1
51	6	67	1
52	0	67	1
53	2	67	1
54	0	67	1
55	1	67	1
56	0	67	1
57	0	67	1
58	1	67	1
59	0	67	1
60	0	67	1
61	0	67	1
62	0	67	1
63	0	67	1
64	0	67	1
65	0	67	1
66	2	67	1
1	0	68	1
2	0	68	1
3	0	68	1
4	0	68	1
5	0	68	1
6	0	68	1
7	0	68	1
8	0	68	1
9	0	68	1
10	2	68	1
11	1	68	1
12	0	68	1
13	0	68	1
14	0	68	1
15	0	68	1
16	0	68	1
17	0	68	1
18	0	68	1
19	1	68	1
20	0	68	1
21	9	68	1
22	1	68	1
23	4	68	1
24	0	68	1
25	6	68	1
26	7	68	1
27	0	68	1
28	3	68	1
29	2	68	1
30	1	68	1
31	7	68	1
32	0	68	1
33	7	68	1
34	1	68	1
35	9	68	1
36	2	68	1
37	1	68	1
38	7	68	1
39	1	68	1
40	0	68	1
41	0	68	1
42	1	68	1
43	1	68	1
44	4	68	1
45	0	68	1
46	0	68	1
47	0	68	1
48	3	68	1
49	3	68	1
50	1	68	1
51	2	68	1
52	0	68	1
53	0	68	1
54	0	68	1
55	0	68	1
56	0	68	1
57	0	68	1
58	0	68	1
59	0	68	1
60	0	68	1
61	0	68	1
62	0	68	1
63	0	68	1
64	0	68	1
65	0	68	1
66	2	68	1
1	0	69	1
2	0	69	1
3	0	69	1
4	0	69	1
5	0	69	1
6	0	69	1
7	0	69	1
8	0	69	1
9	0	69	1
10	0	69	1
11	0	69	1
12	0	69	1
13	0	69	1
14	0	69	1
15	0	69	1
16	0	69	1
17	3	69	1
18	1	69	1
19	5	69	1
20	0	69	1
21	2	69	1
22	3	69	1
23	4	69	1
24	0	69	1
25	3	69	1
26	3	69	1
27	0	69	1
28	2	69	1
29	1	69	1
30	4	69	1
31	3	69	1
32	2	69	1
33	6	69	1
34	5	69	1
35	6	69	1
36	4	69	1
37	2	69	1
38	4	69	1
39	5	69	1
40	2	69	1
41	1	69	1
42	0	69	1
43	3	69	1
44	3	69	1
45	2	69	1
46	0	69	1
47	0	69	1
48	2	69	1
49	2	69	1
50	0	69	1
51	1	69	1
52	0	69	1
53	3	69	1
54	0	69	1
55	0	69	1
56	0	69	1
57	0	69	1
58	2	69	1
1	0	70	1
2	0	70	1
3	0	70	1
4	0	70	1
5	0	70	1
6	0	70	1
7	0	70	1
8	0	70	1
9	0	70	1
10	2	70	1
11	0	70	1
12	0	70	1
13	0	70	1
14	0	70	1
15	0	70	1
16	0	70	1
17	1	70	1
18	0	70	1
19	6	70	1
20	0	70	1
21	3	70	1
22	4	70	1
23	3	70	1
24	0	70	1
25	9	70	1
26	3	70	1
27	0	70	1
28	4	70	1
29	1	70	1
30	5	70	1
31	2	70	1
32	2	70	1
33	3	70	1
34	0	70	1
35	11	70	1
36	3	70	1
37	2	70	1
38	3	70	1
39	1	70	1
40	0	70	1
41	2	70	1
42	5	70	1
43	2	70	1
44	2	70	1
45	1	70	1
46	0	70	1
47	0	70	1
48	3	70	1
49	0	70	1
50	2	70	1
51	2	70	1
52	0	70	1
53	0	70	1
54	0	70	1
55	1	70	1
56	0	70	1
57	0	70	1
58	1	70	1
1	0	71	1
2	0	71	1
3	0	71	1
4	0	71	1
5	0	71	1
6	0	71	1
7	0	71	1
8	0	71	1
9	0	71	1
10	1	71	1
11	1	71	1
12	0	71	1
13	0	71	1
14	0	71	1
15	0	71	1
16	0	71	1
17	2	71	1
18	0	71	1
19	4	71	1
20	2	71	1
21	3	71	1
22	2	71	1
23	0	71	1
24	0	71	1
25	3	71	1
26	0	71	1
27	0	71	1
28	5	71	1
29	6	71	1
30	8	71	1
31	3	71	1
32	2	71	1
33	6	71	1
34	2	71	1
35	7	71	1
36	4	71	1
37	5	71	1
38	7	71	1
39	0	71	1
40	0	71	1
41	1	71	1
42	1	71	1
43	3	71	1
44	1	71	1
45	0	71	1
46	0	71	1
47	0	71	1
48	1	71	1
49	2	71	1
50	2	71	1
51	2	71	1
52	0	71	1
53	1	71	1
54	0	71	1
55	1	71	1
56	0	71	1
57	0	71	1
58	1	71	1
1	0	72	1
2	0	72	1
3	0	72	1
4	0	72	1
5	0	72	1
6	0	72	1
7	0	72	1
8	0	72	1
9	0	72	1
10	1	72	1
11	0	72	1
12	0	72	1
13	2	72	1
14	0	72	1
15	0	72	1
16	0	72	1
17	2	72	1
18	1	72	1
19	2	72	1
20	1	72	1
21	4	72	1
22	0	72	1
23	2	72	1
24	0	72	1
25	2	72	1
26	5	72	1
27	0	72	1
28	2	72	1
29	3	72	1
30	8	72	1
31	4	72	1
32	0	72	1
33	4	72	1
34	1	72	1
35	6	72	1
36	2	72	1
37	4	72	1
38	5	72	1
39	3	72	1
40	2	72	1
41	1	72	1
42	3	72	1
43	1	72	1
44	4	72	1
45	1	72	1
46	0	72	1
47	0	72	1
48	2	72	1
49	1	72	1
50	1	72	1
51	3	72	1
52	0	72	1
53	1	72	1
54	0	72	1
55	0	72	1
56	0	72	1
57	0	72	1
58	2	72	1
59	0	72	1
60	0	72	1
61	0	72	1
62	0	72	1
63	0	72	1
64	0	72	1
65	0	72	1
66	3	72	1
1	0	73	1
2	0	73	1
3	0	73	1
4	0	73	1
5	0	73	1
6	0	73	1
7	0	73	1
8	0	73	1
9	0	73	1
10	2	73	1
11	0	73	1
12	0	73	1
13	0	73	1
14	0	73	1
15	0	73	1
16	0	73	1
17	4	73	1
18	2	73	1
19	2	73	1
20	1	73	1
21	3	73	1
22	2	73	1
23	4	73	1
24	0	73	1
25	1	73	1
26	1	73	1
27	0	73	1
28	8	73	1
29	1	73	1
30	3	73	1
31	5	73	1
32	3	73	1
33	5	73	1
34	3	73	1
35	4	73	1
36	7	73	1
37	3	73	1
38	4	73	1
39	2	73	1
40	2	73	1
41	2	73	1
42	0	73	1
43	1	73	1
44	4	73	1
45	0	73	1
46	0	73	1
47	0	73	1
48	0	73	1
49	1	73	1
50	0	73	1
51	1	73	1
52	0	73	1
53	2	73	1
54	3	73	1
55	1	73	1
56	0	73	1
57	0	73	1
58	2	73	1
1	0	74	1
2	0	74	1
3	0	74	1
4	0	74	1
5	0	74	1
6	0	74	1
7	0	74	1
8	0	74	1
9	0	74	1
10	1	74	1
11	3	74	1
12	0	74	1
13	1	74	1
14	0	74	1
15	0	74	1
16	0	74	1
17	3	74	1
18	0	74	1
19	3	74	1
20	2	74	1
21	2	74	1
22	2	74	1
23	5	74	1
24	0	74	1
25	4	74	1
26	5	74	1
27	0	74	1
28	4	74	1
29	4	74	1
30	3	74	1
31	5	74	1
32	3	74	1
33	4	74	1
34	1	74	1
35	5	74	1
36	4	74	1
37	2	74	1
38	7	74	1
39	2	74	1
40	1	74	1
41	0	74	1
42	1	74	1
43	0	74	1
44	4	74	1
45	1	74	1
46	0	74	1
47	0	74	1
48	1	74	1
49	0	74	1
50	1	74	1
51	1	74	1
52	0	74	1
53	0	74	1
54	2	74	1
55	2	74	1
1	0	75	1
2	0	75	1
3	0	75	1
4	0	75	1
5	0	75	1
6	0	75	1
7	0	75	1
8	0	75	1
9	0	75	1
10	1	75	1
11	1	75	1
12	0	75	1
13	0	75	1
14	0	75	1
15	0	75	1
16	0	75	1
17	0	75	1
18	1	75	1
19	1	75	1
20	0	75	1
21	3	75	1
22	2	75	1
23	2	75	1
24	0	75	1
25	2	75	1
26	4	75	1
27	0	75	1
28	5	75	1
29	4	75	1
30	5	75	1
31	6	75	1
32	0	75	1
33	4	75	1
34	4	75	1
35	6	75	1
36	4	75	1
37	2	75	1
38	8	75	1
39	0	75	1
40	0	75	1
41	1	75	1
42	3	75	1
43	0	75	1
44	7	75	1
45	4	75	1
46	0	75	1
47	0	75	1
48	2	75	1
49	1	75	1
50	1	75	1
51	2	75	1
52	0	75	1
53	1	75	1
54	1	75	1
55	1	75	1
1	0	76	1
2	0	76	1
3	0	76	1
4	0	76	1
5	0	76	1
6	0	76	1
7	0	76	1
8	0	76	1
9	0	76	1
10	1	76	1
11	1	76	1
12	0	76	1
13	1	76	1
14	0	76	1
15	0	76	1
16	0	76	1
17	1	76	1
18	2	76	1
19	2	76	1
20	3	76	1
21	4	76	1
22	2	76	1
23	0	76	1
24	0	76	1
25	2	76	1
26	5	76	1
27	0	76	1
28	6	76	1
29	1	76	1
30	6	76	1
31	2	76	1
32	2	76	1
33	1	76	1
34	1	76	1
35	5	76	1
36	4	76	1
37	5	76	1
38	4	76	1
39	1	76	1
40	2	76	1
41	2	76	1
42	1	76	1
43	1	76	1
44	6	76	1
45	0	76	1
46	0	76	1
47	0	76	1
48	2	76	1
49	4	76	1
50	1	76	1
51	1	76	1
52	0	76	1
53	0	76	1
54	3	76	1
55	0	76	1
56	0	76	1
57	0	76	1
58	1	76	1
59	0	76	1
60	0	76	1
61	0	76	1
62	0	76	1
63	0	76	1
64	0	76	1
65	0	76	1
66	3	76	1
1	0	77	1
2	0	77	1
3	0	77	1
4	0	77	1
5	0	77	1
6	0	77	1
7	0	77	1
8	0	77	1
9	0	77	1
10	0	77	1
11	1	77	1
12	0	77	1
13	3	77	1
14	0	77	1
15	0	77	1
16	0	77	1
17	1	77	1
18	2	77	1
19	1	77	1
20	1	77	1
21	6	77	1
22	1	77	1
23	4	77	1
24	0	77	1
25	2	77	1
26	3	77	1
27	0	77	1
28	2	77	1
29	4	77	1
30	5	77	1
31	3	77	1
32	1	77	1
33	3	77	1
34	1	77	1
35	5	77	1
36	4	77	1
37	8	77	1
38	4	77	1
39	0	77	1
40	2	77	1
41	0	77	1
42	0	77	1
43	4	77	1
44	3	77	1
45	1	77	1
46	0	77	1
47	0	77	1
48	3	77	1
49	1	77	1
50	0	77	1
51	3	77	1
52	0	77	1
53	2	77	1
54	1	77	1
55	2	77	1
56	0	77	1
57	0	77	1
58	2	77	1
1	0	78	1
2	0	78	1
3	0	78	1
4	0	78	1
5	0	78	1
6	0	78	1
7	0	78	1
8	0	78	1
9	0	78	1
10	3	78	1
11	1	78	1
12	0	78	1
13	1	78	1
14	0	78	1
15	0	78	1
16	0	78	1
17	0	78	1
18	1	78	1
19	4	78	1
20	1	78	1
21	5	78	1
22	2	78	1
23	0	78	1
24	0	78	1
25	2	78	1
26	2	78	1
27	0	78	1
28	4	78	1
29	4	78	1
30	10	78	1
31	2	78	1
32	0	78	1
33	5	78	1
34	2	78	1
35	3	78	1
36	5	78	1
37	1	78	1
38	5	78	1
39	1	78	1
40	1	78	1
41	2	78	1
42	1	78	1
43	0	78	1
44	6	78	1
45	0	78	1
46	0	78	1
47	0	78	1
48	2	78	1
49	1	78	1
50	1	78	1
51	4	78	1
52	0	78	1
53	1	78	1
54	2	78	1
55	1	78	1
56	0	78	1
57	0	78	1
58	1	78	1
59	0	78	1
60	0	78	1
61	0	78	1
62	0	78	1
63	0	78	1
64	0	78	1
65	0	78	1
66	2	78	1
1	0	79	1
2	0	79	1
3	0	79	1
4	0	79	1
5	0	79	1
6	0	79	1
7	0	79	1
8	0	79	1
9	0	79	1
10	1	79	1
11	1	79	1
12	0	79	1
13	2	79	1
14	0	79	1
15	0	79	1
16	0	79	1
17	0	79	1
18	0	79	1
19	4	79	1
20	0	79	1
21	3	79	1
22	5	79	1
23	2	79	1
24	0	79	1
25	4	79	1
26	6	79	1
27	0	79	1
28	2	79	1
29	1	79	1
30	8	79	1
31	4	79	1
32	0	79	1
33	6	79	1
34	2	79	1
35	7	79	1
36	7	79	1
37	3	79	1
38	3	79	1
39	1	79	1
40	1	79	1
41	1	79	1
42	2	79	1
43	0	79	1
44	3	79	1
45	1	79	1
46	0	79	1
47	0	79	1
48	1	79	1
49	2	79	1
50	0	79	1
51	0	79	1
52	0	79	1
53	0	79	1
54	2	79	1
55	3	79	1
56	0	79	1
57	0	79	1
58	1	79	1
1	0	80	1
2	0	80	1
3	0	80	1
4	0	80	1
5	0	80	1
6	0	80	1
7	0	80	1
8	0	80	1
9	0	80	1
10	1	80	1
11	2	80	1
12	0	80	1
13	0	80	1
14	0	80	1
15	0	80	1
16	0	80	1
17	0	80	1
18	0	80	1
19	5	80	1
20	2	80	1
21	3	80	1
22	3	80	1
23	3	80	1
24	0	80	1
25	3	80	1
26	6	80	1
27	0	80	1
28	8	80	1
29	3	80	1
30	4	80	1
31	2	80	1
32	0	80	1
33	4	80	1
34	4	80	1
35	4	80	1
36	2	80	1
37	1	80	1
38	6	80	1
39	0	80	1
40	0	80	1
41	3	80	1
42	3	80	1
43	1	80	1
44	4	80	1
45	1	80	1
46	0	80	1
47	0	80	1
48	2	80	1
49	0	80	1
50	0	80	1
51	4	80	1
52	0	80	1
53	0	80	1
54	2	80	1
55	1	80	1
56	0	80	1
57	0	80	1
58	0	80	1
59	0	80	1
60	0	80	1
61	0	80	1
62	0	80	1
63	0	80	1
64	0	80	1
65	0	80	1
66	2	80	1
1	0	81	1
2	0	81	1
3	0	81	1
4	0	81	1
5	0	81	1
6	0	81	1
7	0	81	1
8	0	81	1
9	0	81	1
10	1	81	1
11	2	81	1
12	0	81	1
13	0	81	1
14	0	81	1
15	0	81	1
16	0	81	1
17	0	81	1
18	2	81	1
19	3	81	1
20	0	81	1
21	9	81	1
22	2	81	1
23	1	81	1
24	0	81	1
25	5	81	1
26	2	81	1
27	0	81	1
28	5	81	1
29	1	81	1
30	6	81	1
31	3	81	1
32	1	81	1
33	4	81	1
34	3	81	1
35	8	81	1
36	4	81	1
37	1	81	1
38	3	81	1
39	1	81	1
40	5	81	1
41	0	81	1
42	2	81	1
43	0	81	1
44	1	81	1
45	2	81	1
46	0	81	1
47	0	81	1
48	3	81	1
49	0	81	1
50	1	81	1
51	1	81	1
52	0	81	1
53	2	81	1
54	1	81	1
55	1	81	1
56	0	81	1
57	0	81	1
58	0	81	1
59	0	81	1
60	0	81	1
61	0	81	1
62	0	81	1
63	0	81	1
64	0	81	1
65	0	81	1
66	3	81	1
1	0	82	1
2	0	82	1
3	0	82	1
4	0	82	1
5	0	82	1
6	0	82	1
7	0	82	1
8	0	82	1
9	0	82	1
10	1	82	1
11	2	82	1
12	0	82	1
13	1	82	1
14	0	82	1
15	0	82	1
16	0	82	1
17	2	82	1
18	2	82	1
19	5	82	1
20	3	82	1
21	4	82	1
22	3	82	1
23	2	82	1
24	0	82	1
25	3	82	1
26	6	82	1
27	0	82	1
28	5	82	1
29	0	82	1
30	4	82	1
31	3	82	1
32	3	82	1
33	3	82	1
34	1	82	1
35	3	82	1
36	4	82	1
37	4	82	1
38	4	82	1
39	1	82	1
40	2	82	1
41	1	82	1
42	1	82	1
43	2	82	1
44	2	82	1
45	1	82	1
46	0	82	1
47	0	82	1
48	1	82	1
49	1	82	1
50	2	82	1
51	1	82	1
52	0	82	1
53	1	82	1
54	1	82	1
55	0	82	1
56	0	82	1
57	0	82	1
58	3	82	1
59	0	82	1
60	0	82	1
61	0	82	1
62	0	82	1
63	0	82	1
64	0	82	1
65	0	82	1
66	1	82	1
1	0	83	1
2	0	83	1
3	0	83	1
4	0	83	1
5	0	83	1
6	0	83	1
7	0	83	1
8	0	83	1
9	0	83	1
10	0	83	1
11	2	83	1
12	0	83	1
13	0	83	1
14	0	83	1
15	0	83	1
16	0	83	1
17	2	83	1
18	2	83	1
19	3	83	1
20	2	83	1
21	2	83	1
22	1	83	1
23	4	83	1
24	0	83	1
25	5	83	1
26	7	83	1
27	0	83	1
28	6	83	1
29	4	83	1
30	4	83	1
31	3	83	1
32	1	83	1
33	6	83	1
34	3	83	1
35	2	83	1
36	5	83	1
37	1	83	1
38	3	83	1
39	1	83	1
40	3	83	1
41	1	83	1
42	3	83	1
43	2	83	1
44	4	83	1
45	0	83	1
46	0	83	1
47	0	83	1
48	2	83	1
49	0	83	1
50	0	83	1
51	1	83	1
52	0	83	1
53	0	83	1
54	1	83	1
55	1	83	1
56	0	83	1
57	0	83	1
58	2	83	1
1	0	84	1
2	0	84	1
3	0	84	1
4	0	84	1
5	0	84	1
6	0	84	1
7	0	84	1
8	0	84	1
9	0	84	1
10	0	84	1
11	0	84	1
12	0	84	1
13	1	84	1
14	0	84	1
15	0	84	1
16	0	84	1
17	1	84	1
18	0	84	1
19	5	84	1
20	2	84	1
21	2	84	1
22	3	84	1
23	3	84	1
24	0	84	1
25	1	84	1
26	4	84	1
27	0	84	1
28	5	84	1
29	2	84	1
30	4	84	1
31	4	84	1
32	1	84	1
33	2	84	1
34	3	84	1
35	9	84	1
36	3	84	1
37	2	84	1
38	7	84	1
39	0	84	1
40	2	84	1
41	1	84	1
42	3	84	1
43	0	84	1
44	6	84	1
45	1	84	1
46	0	84	1
47	0	84	1
48	0	84	1
49	1	84	1
50	1	84	1
51	5	84	1
52	0	84	1
53	1	84	1
54	2	84	1
55	1	84	1
56	0	84	1
57	0	84	1
58	0	84	1
59	0	84	1
60	0	84	1
61	0	84	1
62	0	84	1
63	0	84	1
64	0	84	1
65	0	84	1
66	1	84	1
1	0	85	1
2	0	85	1
3	0	85	1
4	0	85	1
5	0	85	1
6	0	85	1
7	0	85	1
8	0	85	1
9	0	85	1
10	1	85	1
11	0	85	1
12	0	85	1
13	0	85	1
14	0	85	1
15	0	85	1
16	0	85	1
17	3	85	1
18	2	85	1
19	3	85	1
20	1	85	1
21	7	85	1
22	2	85	1
23	2	85	1
24	0	85	1
25	4	85	1
26	3	85	1
27	0	85	1
28	1	85	1
29	2	85	1
30	5	85	1
31	3	85	1
32	1	85	1
33	2	85	1
34	2	85	1
35	5	85	1
36	7	85	1
37	2	85	1
38	4	85	1
39	2	85	1
40	1	85	1
41	2	85	1
42	2	85	1
43	2	85	1
44	5	85	1
45	2	85	1
46	0	85	1
47	0	85	1
48	2	85	1
49	1	85	1
50	1	85	1
51	1	85	1
52	0	85	1
53	2	85	1
54	1	85	1
55	1	85	1
56	0	85	1
57	0	85	1
58	0	85	1
59	0	85	1
60	0	85	1
61	0	85	1
62	0	85	1
63	0	85	1
64	0	85	1
65	0	85	1
66	2	85	1
1	0	86	1
2	0	86	1
3	0	86	1
4	0	86	1
5	0	86	1
6	0	86	1
7	0	86	1
8	0	86	1
9	0	86	1
10	1	86	1
11	0	86	1
12	0	86	1
13	0	86	1
14	0	86	1
15	0	86	1
16	0	86	1
17	2	86	1
18	5	86	1
19	2	86	1
20	0	86	1
21	5	86	1
22	4	86	1
23	2	86	1
24	0	86	1
25	1	86	1
26	5	86	1
27	0	86	1
28	2	86	1
29	3	86	1
30	5	86	1
31	2	86	1
32	1	86	1
33	1	86	1
34	2	86	1
35	8	86	1
36	7	86	1
37	3	86	1
38	5	86	1
39	1	86	1
40	1	86	1
41	0	86	1
42	4	86	1
43	1	86	1
44	5	86	1
45	1	86	1
46	0	86	1
47	0	86	1
48	2	86	1
49	0	86	1
50	0	86	1
51	2	86	1
52	0	86	1
53	2	86	1
54	1	86	1
55	1	86	1
56	0	86	1
57	0	86	1
58	1	86	1
59	0	86	1
60	0	86	1
61	0	86	1
62	0	86	1
63	0	86	1
64	0	86	1
65	0	86	1
66	1	86	1
1	0	87	1
2	0	87	1
3	0	87	1
4	0	87	1
5	0	87	1
6	0	87	1
7	0	87	1
8	0	87	1
9	0	87	1
10	0	87	1
11	2	87	1
12	0	87	1
13	1	87	1
14	0	87	1
15	0	87	1
16	0	87	1
17	2	87	1
18	1	87	1
19	2	87	1
20	1	87	1
21	5	87	1
22	2	87	1
23	7	87	1
24	0	87	1
25	3	87	1
26	3	87	1
27	0	87	1
28	4	87	1
29	1	87	1
30	6	87	1
31	4	87	1
32	0	87	1
33	5	87	1
34	3	87	1
35	5	87	1
36	4	87	1
37	1	87	1
38	1	87	1
39	2	87	1
40	2	87	1
41	2	87	1
42	3	87	1
43	5	87	1
44	3	87	1
45	0	87	1
46	0	87	1
47	0	87	1
48	2	87	1
49	1	87	1
50	1	87	1
51	3	87	1
52	0	87	1
53	0	87	1
54	0	87	1
55	1	87	1
56	0	87	1
57	0	87	1
58	1	87	1
1	0	88	1
2	0	88	1
3	0	88	1
4	0	88	1
5	0	88	1
6	0	88	1
7	0	88	1
8	0	88	1
9	0	88	1
10	2	88	1
11	0	88	1
12	0	88	1
13	0	88	1
14	0	88	1
15	0	88	1
16	0	88	1
17	2	88	1
18	3	88	1
19	5	88	1
20	2	88	1
21	2	88	1
22	2	88	1
23	2	88	1
24	0	88	1
25	4	88	1
26	9	88	1
27	0	88	1
28	4	88	1
29	4	88	1
30	2	88	1
31	3	88	1
32	1	88	1
33	6	88	1
34	3	88	1
35	8	88	1
36	1	88	1
37	1	88	1
38	4	88	1
39	0	88	1
40	0	88	1
41	0	88	1
42	0	88	1
43	1	88	1
44	4	88	1
45	0	88	1
46	0	88	1
47	0	88	1
48	2	88	1
49	0	88	1
50	1	88	1
51	7	88	1
52	0	88	1
53	3	88	1
54	1	88	1
1	0	89	1
2	0	89	1
3	0	89	1
4	0	89	1
5	0	89	1
6	0	89	1
7	0	89	1
8	0	89	1
9	0	89	1
10	1	89	1
11	0	89	1
12	0	89	1
13	0	89	1
14	0	89	1
15	0	89	1
16	0	89	1
17	0	89	1
18	2	89	1
19	3	89	1
20	0	89	1
21	5	89	1
22	4	89	1
23	0	89	1
24	0	89	1
25	4	89	1
26	3	89	1
27	0	89	1
28	5	89	1
29	7	89	1
30	6	89	1
31	2	89	1
32	3	89	1
33	6	89	1
34	4	89	1
35	7	89	1
36	2	89	1
37	1	89	1
38	1	89	1
39	3	89	1
40	1	89	1
41	1	89	1
42	3	89	1
43	2	89	1
44	5	89	1
45	3	89	1
46	0	89	1
47	0	89	1
48	0	89	1
49	0	89	1
50	0	89	1
51	2	89	1
52	0	89	1
53	0	89	1
54	1	89	1
55	1	89	1
56	0	89	1
57	0	89	1
58	0	89	1
59	0	89	1
60	0	89	1
61	0	89	1
62	0	89	1
63	0	89	1
64	0	89	1
65	0	89	1
66	1	89	1
1	0	90	1
2	0	90	1
3	0	90	1
4	0	90	1
5	0	90	1
6	0	90	1
7	0	90	1
8	0	90	1
9	0	90	1
10	1	90	1
11	1	90	1
12	0	90	1
13	0	90	1
14	0	90	1
15	0	90	1
16	0	90	1
17	1	90	1
18	1	90	1
19	3	90	1
20	1	90	1
21	3	90	1
22	1	90	1
23	2	90	1
24	0	90	1
25	4	90	1
26	4	90	1
27	0	90	1
28	5	90	1
29	5	90	1
30	5	90	1
31	3	90	1
32	0	90	1
33	5	90	1
34	1	90	1
35	9	90	1
36	6	90	1
37	3	90	1
38	8	90	1
39	0	90	1
40	0	90	1
41	0	90	1
42	4	90	1
43	2	90	1
44	2	90	1
45	1	90	1
46	0	90	1
47	0	90	1
48	1	90	1
49	0	90	1
50	1	90	1
51	4	90	1
52	0	90	1
53	0	90	1
54	0	90	1
55	1	90	1
56	0	90	1
57	0	90	1
58	1	90	1
-1
