1	0	1	1
2	0	1	1
3	0	1	1
4	0	1	1
5	2	1	1
6	0	1	1
7	0	1	1
8	0	1	1
9	0	1	1
10	1	1	1
11	0	1	1
12	1	1	1
13	0	1	1
14	4	1	1
15	3	1	1
16	2	1	1
17	3	1	1
18	3	1	1
19	1	1	1
20	0	1	1
21	0	1	1
22	8	1	1
23	6	1	1
24	10	1	1
25	5	1	1
26	3	1	1
27	5	1	1
28	9	1	1
29	10	1	1
30	0	1	1
31	3	1	1
32	7	1	1
33	3	1	1
34	1	1	1
35	0	1	1
36	0	1	1
37	3	1	1
38	1	1	1
39	1	1	1
40	6	1	1
41	0	1	1
42	2	1	1
43	1	1	1
1	0	2	1
2	0	2	1
3	0	2	1
4	0	2	1
5	4	2	1
6	0	2	1
7	0	2	1
8	0	2	1
9	0	2	1
10	2	2	1
11	0	2	1
12	2	2	1
13	0	2	1
14	1	2	1
15	6	2	1
16	4	2	1
17	5	2	1
18	5	2	1
19	1	2	1
20	1	2	1
21	1	2	1
22	4	2	1
23	6	2	1
24	4	2	1
25	2	2	1
26	7	2	1
27	4	2	1
28	5	2	1
29	11	2	1
30	4	2	1
31	1	2	1
32	2	2	1
33	1	2	1
34	1	2	1
35	2	2	1
36	0	2	1
37	5	2	1
38	2	2	1
39	0	2	1
40	4	2	1
41	0	2	1
42	5	2	1
43	2	2	1
1	0	3	1
2	0	3	1
3	0	3	1
4	0	3	1
5	0	3	1
6	0	3	1
7	0	3	1
8	0	3	1
9	0	3	1
10	0	3	1
11	0	3	1
12	1	3	1
13	0	3	1
14	3	3	1
15	3	3	1
16	4	3	1
17	3	3	1
18	2	3	1
19	4	3	1
20	3	3	1
21	0	3	1
22	12	3	1
23	7	3	1
24	11	3	1
25	5	3	1
26	3	3	1
27	4	3	1
28	4	3	1
29	5	3	1
30	5	3	1
31	4	3	1
32	8	3	1
33	2	3	1
34	0	3	1
35	1	3	1
36	0	3	1
37	1	3	1
38	1	3	1
39	0	3	1
40	4	3	1
41	0	3	1
42	4	3	1
1	0	4	1
2	0	4	1
3	0	4	1
4	0	4	1
5	2	4	1
6	0	4	1
7	0	4	1
8	0	4	1
9	0	4	1
10	2	4	1
11	0	4	1
12	6	4	1
13	0	4	1
14	1	4	1
15	7	4	1
16	3	4	1
17	7	4	1
18	2	4	1
19	1	4	1
20	0	4	1
21	4	4	1
22	8	4	1
23	8	4	1
24	5	4	1
25	4	4	1
26	3	4	1
27	4	4	1
28	5	4	1
29	9	4	1
30	5	4	1
31	3	4	1
32	4	4	1
33	2	4	1
34	0	4	1
35	2	4	1
36	0	4	1
37	2	4	1
38	0	4	1
39	0	4	1
40	4	4	1
41	0	4	1
42	0	4	1
43	1	4	1
1	0	5	1
2	0	5	1
3	0	5	1
4	0	5	1
5	3	5	1
6	0	5	1
7	0	5	1
8	0	5	1
9	0	5	1
10	4	5	1
11	0	5	1
12	1	5	1
13	0	5	1
14	0	5	1
15	7	5	1
16	7	5	1
17	9	5	1
18	3	5	1
19	4	5	1
20	0	5	1
21	0	5	1
22	5	5	1
23	5	5	1
24	6	5	1
25	6	5	1
26	3	5	1
27	10	5	1
28	7	5	1
29	1	5	1
30	3	5	1
31	6	5	1
32	3	5	1
33	1	5	1
34	1	5	1
35	2	5	1
36	0	5	1
37	2	5	1
38	1	5	1
39	0	5	1
40	3	5	1
41	0	5	1
42	1	5	1
1	0	6	1
2	0	6	1
3	0	6	1
4	0	6	1
5	2	6	1
6	0	6	1
7	0	6	1
8	0	6	1
9	0	6	1
10	1	6	1
11	0	6	1
12	1	6	1
13	0	6	1
14	5	6	1
15	3	6	1
16	4	6	1
17	3	6	1
18	5	6	1
19	4	6	1
20	1	6	1
21	1	6	1
22	12	6	1
23	5	6	1
24	7	6	1
25	2	6	1
26	4	6	1
27	1	6	1
28	4	6	1
29	5	6	1
30	7	6	1
31	3	6	1
32	6	6	1
33	1	6	1
34	0	6	1
35	3	6	1
36	0	6	1
37	5	6	1
38	2	6	1
39	2	6	1
40	2	6	1
41	0	6	1
42	2	6	1
43	1	6	1
1	0	7	1
2	0	7	1
3	0	7	1
4	0	7	1
5	1	7	1
6	0	7	1
7	0	7	1
8	0	7	1
9	0	7	1
10	2	7	1
11	0	7	1
12	3	7	1
13	0	7	1
14	5	7	1
15	3	7	1
16	7	7	1
17	8	7	1
18	2	7	1
19	1	7	1
20	2	7	1
21	1	7	1
22	11	7	1
23	6	7	1
24	5	7	1
25	2	7	1
26	5	7	1
27	5	7	1
28	4	7	1
29	4	7	1
30	6	7	1
31	2	7	1
32	6	7	1
33	2	7	1
34	1	7	1
35	1	7	1
36	0	7	1
37	3	7	1
38	1	7	1
39	0	7	1
40	3	7	1
41	0	7	1
42	2	7	1
1	0	8	1
2	0	8	1
3	0	8	1
4	0	8	1
5	1	8	1
6	0	8	1
7	0	8	1
8	0	8	1
9	0	8	1
10	3	8	1
11	0	8	1
12	1	8	1
13	0	8	1
14	4	8	1
15	5	8	1
16	4	8	1
17	8	8	1
18	4	8	1
19	3	8	1
20	0	8	1
21	2	8	1
22	11	8	1
23	0	8	1
24	6	8	1
25	3	8	1
26	8	8	1
27	8	8	1
28	4	8	1
29	7	8	1
30	1	8	1
31	2	8	1
32	5	8	1
33	2	8	1
34	2	8	1
35	2	8	1
36	0	8	1
37	0	8	1
38	1	8	1
39	2	8	1
40	2	8	1
41	0	8	1
42	3	8	1
1	0	9	1
2	0	9	1
3	0	9	1
4	0	9	1
5	3	9	1
6	0	9	1
7	0	9	1
8	0	9	1
9	0	9	1
10	1	9	1
11	0	9	1
12	0	9	1
13	0	9	1
14	3	9	1
15	6	9	1
16	2	9	1
17	4	9	1
18	4	9	1
19	2	9	1
20	1	9	1
21	1	9	1
22	12	9	1
23	9	9	1
24	8	9	1
25	1	9	1
26	5	9	1
27	5	9	1
28	2	9	1
29	8	9	1
30	7	9	1
31	4	9	1
32	1	9	1
33	0	9	1
34	1	9	1
35	1	9	1
36	0	9	1
37	1	9	1
38	4	9	1
39	2	9	1
40	4	9	1
41	0	9	1
42	1	9	1
43	1	9	1
1	0	10	1
2	0	10	1
3	0	10	1
4	0	10	1
5	5	10	1
6	0	10	1
7	0	10	1
8	0	10	1
9	0	10	1
10	2	10	1
11	0	10	1
12	0	10	1
13	0	10	1
14	2	10	1
15	8	10	1
16	7	10	1
17	7	10	1
18	1	10	1
19	3	10	1
20	1	10	1
21	1	10	1
22	9	10	1
23	5	10	1
24	7	10	1
25	5	10	1
26	4	10	1
27	9	10	1
28	3	10	1
29	1	10	1
30	0	10	1
31	3	10	1
32	2	10	1
33	3	10	1
34	0	10	1
35	1	10	1
36	0	10	1
37	4	10	1
38	0	10	1
39	3	10	1
40	4	10	1
41	0	10	1
42	3	10	1
43	1	10	1
1	0	11	1
2	0	11	1
3	0	11	1
4	0	11	1
5	2	11	1
6	0	11	1
7	0	11	1
8	0	11	1
9	0	11	1
10	2	11	1
11	0	11	1
12	4	11	1
13	0	11	1
14	0	11	1
15	4	11	1
16	2	11	1
17	1	11	1
18	2	11	1
19	0	11	1
20	2	11	1
21	2	11	1
22	11	11	1
23	5	11	1
24	8	11	1
25	4	11	1
26	8	11	1
27	5	11	1
28	6	11	1
29	4	11	1
30	5	11	1
31	3	11	1
32	9	11	1
33	3	11	1
34	0	11	1
35	1	11	1
36	0	11	1
37	2	11	1
38	1	11	1
39	3	11	1
40	2	11	1
41	0	11	1
42	3	11	1
1	0	12	1
2	0	12	1
3	0	12	1
4	0	12	1
5	2	12	1
6	0	12	1
7	0	12	1
8	0	12	1
9	0	12	1
10	2	12	1
11	0	12	1
12	1	12	1
13	0	12	1
14	4	12	1
15	2	12	1
16	5	12	1
17	6	12	1
18	4	12	1
19	2	12	1
20	3	12	1
21	3	12	1
22	8	12	1
23	2	12	1
24	6	12	1
25	5	12	1
26	8	12	1
27	5	12	1
28	6	12	1
29	6	12	1
30	4	12	1
31	2	12	1
32	4	12	1
33	1	12	1
34	1	12	1
35	3	12	1
36	0	12	1
37	1	12	1
38	1	12	1
39	0	12	1
40	5	12	1
41	0	12	1
42	1	12	1
43	1	12	1
1	0	13	1
2	0	13	1
3	0	13	1
4	0	13	1
5	0	13	1
6	0	13	1
7	0	13	1
8	0	13	1
9	0	13	1
10	1	13	1
11	0	13	1
12	1	13	1
13	0	13	1
14	4	13	1
15	2	13	1
16	4	13	1
17	9	13	1
18	5	13	1
19	2	13	1
20	0	13	1
21	2	13	1
22	3	13	1
23	4	13	1
24	8	13	1
25	6	13	1
26	4	13	1
27	5	13	1
28	8	13	1
29	8	13	1
30	4	13	1
31	3	13	1
32	5	13	1
33	0	13	1
34	0	13	1
35	3	13	1
36	0	13	1
37	4	13	1
38	2	13	1
39	1	13	1
40	1	13	1
41	0	13	1
42	2	13	1
43	3	13	1
1	0	14	1
2	0	14	1
3	0	14	1
4	0	14	1
5	4	14	1
6	0	14	1
7	0	14	1
8	0	14	1
9	0	14	1
10	4	14	1
11	0	14	1
12	3	14	1
13	0	14	1
14	3	14	1
15	4	14	1
16	5	14	1
17	4	14	1
18	4	14	1
19	3	14	1
20	5	14	1
21	2	14	1
22	8	14	1
23	11	14	1
24	4	14	1
25	3	14	1
26	4	14	1
27	5	14	1
28	3	14	1
29	5	14	1
30	4	14	1
31	5	14	1
32	3	14	1
33	0	14	1
34	0	14	1
35	2	14	1
36	0	14	1
37	0	14	1
38	1	14	1
39	0	14	1
40	3	14	1
41	0	14	1
42	2	14	1
1	0	15	1
2	0	15	1
3	0	15	1
4	0	15	1
5	3	15	1
6	0	15	1
7	0	15	1
8	0	15	1
9	0	15	1
10	0	15	1
11	0	15	1
12	2	15	1
13	0	15	1
14	2	15	1
15	7	15	1
16	2	15	1
17	5	15	1
18	6	15	1
19	1	15	1
20	4	15	1
21	1	15	1
22	6	15	1
23	6	15	1
24	6	15	1
25	6	15	1
26	5	15	1
27	3	15	1
28	9	15	1
29	15	15	1
30	2	15	1
31	0	15	1
32	3	15	1
33	3	15	1
34	0	15	1
35	2	15	1
36	0	15	1
37	3	15	1
38	0	15	1
39	2	15	1
1	0	16	1
2	0	16	1
3	0	16	1
4	0	16	1
5	1	16	1
6	0	16	1
7	0	16	1
8	0	16	1
9	0	16	1
10	2	16	1
11	0	16	1
12	3	16	1
13	0	16	1
14	5	16	1
15	4	16	1
16	7	16	1
17	6	16	1
18	2	16	1
19	2	16	1
20	1	16	1
21	3	16	1
22	8	16	1
23	5	16	1
24	7	16	1
25	8	16	1
26	4	16	1
27	1	16	1
28	7	16	1
29	6	16	1
30	0	16	1
31	1	16	1
32	5	16	1
33	2	16	1
34	2	16	1
35	2	16	1
36	0	16	1
37	6	16	1
38	0	16	1
39	3	16	1
40	1	16	1
1	0	17	1
2	0	17	1
3	0	17	1
4	0	17	1
5	3	17	1
6	0	17	1
7	0	17	1
8	0	17	1
9	0	17	1
10	0	17	1
11	0	17	1
12	2	17	1
13	0	17	1
14	5	17	1
15	5	17	1
16	1	17	1
17	8	17	1
18	1	17	1
19	1	17	1
20	2	17	1
21	2	17	1
22	15	17	1
23	3	17	1
24	7	17	1
25	2	17	1
26	3	17	1
27	4	17	1
28	3	17	1
29	7	17	1
30	4	17	1
31	4	17	1
32	6	17	1
33	3	17	1
34	0	17	1
35	1	17	1
36	0	17	1
37	4	17	1
38	1	17	1
39	1	17	1
40	2	17	1
41	0	17	1
42	4	17	1
1	0	18	1
2	0	18	1
3	0	18	1
4	0	18	1
5	3	18	1
6	0	18	1
7	0	18	1
8	0	18	1
9	0	18	1
10	1	18	1
11	0	18	1
12	2	18	1
13	0	18	1
14	2	18	1
15	4	18	1
16	3	18	1
17	5	18	1
18	4	18	1
19	2	18	1
20	0	18	1
21	3	18	1
22	9	18	1
23	9	18	1
24	9	18	1
25	4	18	1
26	3	18	1
27	4	18	1
28	8	18	1
29	4	18	1
30	5	18	1
31	3	18	1
32	4	18	1
33	4	18	1
34	1	18	1
35	1	18	1
36	0	18	1
37	1	18	1
38	2	18	1
39	1	18	1
40	1	18	1
41	0	18	1
42	2	18	1
1	0	19	1
2	0	19	1
3	0	19	1
4	0	19	1
5	1	19	1
6	0	19	1
7	0	19	1
8	0	19	1
9	0	19	1
10	1	19	1
11	0	19	1
12	2	19	1
13	0	19	1
14	3	19	1
15	0	19	1
16	4	19	1
17	8	19	1
18	4	19	1
19	4	19	1
20	2	19	1
21	1	19	1
22	13	19	1
23	5	19	1
24	4	19	1
25	6	19	1
26	3	19	1
27	7	19	1
28	1	19	1
29	16	19	1
30	2	19	1
31	3	19	1
32	3	19	1
33	2	19	1
34	0	19	1
35	1	19	1
36	0	19	1
37	1	19	1
38	1	19	1
39	2	19	1
40	1	19	1
41	0	19	1
42	3	19	1
1	0	20	1
2	0	20	1
3	0	20	1
4	0	20	1
5	3	20	1
6	0	20	1
7	0	20	1
8	0	20	1
9	0	20	1
10	4	20	1
11	0	20	1
12	3	20	1
13	0	20	1
14	3	20	1
15	0	20	1
16	4	20	1
17	7	20	1
18	4	20	1
19	3	20	1
20	3	20	1
21	2	20	1
22	8	20	1
23	2	20	1
24	3	20	1
25	4	20	1
26	4	20	1
27	10	20	1
28	5	20	1
29	7	20	1
30	3	20	1
31	2	20	1
32	4	20	1
33	2	20	1
34	2	20	1
35	2	20	1
36	0	20	1
37	2	20	1
38	1	20	1
39	0	20	1
40	3	20	1
41	0	20	1
42	3	20	1
43	1	20	1
1	0	21	1
2	0	21	1
3	0	21	1
4	0	21	1
5	1	21	1
6	0	21	1
7	0	21	1
8	0	21	1
9	0	21	1
10	2	21	1
11	0	21	1
12	3	21	1
13	0	21	1
14	2	21	1
15	4	21	1
16	4	21	1
17	8	21	1
18	4	21	1
19	2	21	1
20	0	21	1
21	3	21	1
22	10	21	1
23	4	21	1
24	6	21	1
25	3	21	1
26	4	21	1
27	9	21	1
28	4	21	1
29	3	21	1
30	4	21	1
31	2	21	1
32	6	21	1
33	2	21	1
34	1	21	1
35	1	21	1
36	0	21	1
37	4	21	1
38	1	21	1
39	1	21	1
40	2	21	1
41	0	21	1
42	3	21	1
43	1	21	1
1	0	22	1
2	0	22	1
3	0	22	1
4	0	22	1
5	1	22	1
6	0	22	1
7	0	22	1
8	0	22	1
9	0	22	1
10	4	22	1
11	0	22	1
12	2	22	1
13	0	22	1
14	2	22	1
15	5	22	1
16	2	22	1
17	7	22	1
18	5	22	1
19	1	22	1
20	0	22	1
21	2	22	1
22	6	22	1
23	1	22	1
24	15	22	1
25	1	22	1
26	7	22	1
27	7	22	1
28	3	22	1
29	7	22	1
30	0	22	1
31	3	22	1
32	5	22	1
33	1	22	1
34	3	22	1
35	4	22	1
36	0	22	1
37	4	22	1
38	3	22	1
39	0	22	1
40	2	22	1
41	0	22	1
42	1	22	1
1	0	23	1
2	0	23	1
3	0	23	1
4	0	23	1
5	2	23	1
6	0	23	1
7	0	23	1
8	0	23	1
9	0	23	1
10	4	23	1
11	0	23	1
12	1	23	1
13	0	23	1
14	2	23	1
15	2	23	1
16	5	23	1
17	7	23	1
18	5	23	1
19	1	23	1
20	0	23	1
21	2	23	1
22	8	23	1
23	12	23	1
24	8	23	1
25	5	23	1
26	2	23	1
27	2	23	1
28	5	23	1
29	3	23	1
30	3	23	1
31	5	23	1
32	5	23	1
33	2	23	1
34	1	23	1
35	4	23	1
36	0	23	1
37	3	23	1
38	1	23	1
39	0	23	1
40	3	23	1
41	0	23	1
42	1	23	1
1	0	24	1
2	0	24	1
3	0	24	1
4	0	24	1
5	3	24	1
6	0	24	1
7	0	24	1
8	0	24	1
9	0	24	1
10	1	24	1
11	0	24	1
12	0	24	1
13	0	24	1
14	3	24	1
15	1	24	1
16	1	24	1
17	10	24	1
18	8	24	1
19	2	24	1
20	0	24	1
21	1	24	1
22	13	24	1
23	5	24	1
24	3	24	1
25	2	24	1
26	5	24	1
27	8	24	1
28	3	24	1
29	8	24	1
30	4	24	1
31	1	24	1
32	1	24	1
33	2	24	1
34	1	24	1
35	2	24	1
36	0	24	1
37	5	24	1
38	2	24	1
39	2	24	1
40	1	24	1
41	0	24	1
42	4	24	1
43	2	24	1
1	0	25	1
2	0	25	1
3	0	25	1
4	0	25	1
5	4	25	1
6	0	25	1
7	0	25	1
8	0	25	1
9	0	25	1
10	1	25	1
11	0	25	1
12	2	25	1
13	0	25	1
14	2	25	1
15	2	25	1
16	6	25	1
17	7	25	1
18	10	25	1
19	1	25	1
20	0	25	1
21	0	25	1
22	12	25	1
23	3	25	1
24	10	25	1
25	2	25	1
26	2	25	1
27	7	25	1
28	1	25	1
29	5	25	1
30	3	25	1
31	1	25	1
32	7	25	1
33	2	25	1
34	1	25	1
35	2	25	1
36	0	25	1
37	1	25	1
38	1	25	1
39	1	25	1
40	3	25	1
41	0	25	1
42	4	25	1
43	1	25	1
1	0	26	1
2	0	26	1
3	0	26	1
4	0	26	1
5	1	26	1
6	0	26	1
7	0	26	1
8	0	26	1
9	0	26	1
10	1	26	1
11	0	26	1
12	2	26	1
13	0	26	1
14	3	26	1
15	6	26	1
16	3	26	1
17	3	26	1
18	2	26	1
19	4	26	1
20	1	26	1
21	1	26	1
22	12	26	1
23	3	26	1
24	6	26	1
25	1	26	1
26	3	26	1
27	6	26	1
28	9	26	1
29	7	26	1
30	2	26	1
31	2	26	1
32	12	26	1
33	4	26	1
34	0	26	1
35	3	26	1
36	0	26	1
37	1	26	1
38	2	26	1
39	0	26	1
40	3	26	1
41	0	26	1
42	1	26	1
1	0	27	1
2	0	27	1
3	0	27	1
4	0	27	1
5	4	27	1
6	0	27	1
7	0	27	1
8	0	27	1
9	0	27	1
10	0	27	1
11	0	27	1
12	1	27	1
13	0	27	1
14	3	27	1
15	2	27	1
16	3	27	1
17	8	27	1
18	3	27	1
19	2	27	1
20	0	27	1
21	5	27	1
22	5	27	1
23	4	27	1
24	6	27	1
25	7	27	1
26	4	27	1
27	8	27	1
28	6	27	1
29	10	27	1
30	2	27	1
31	3	27	1
32	7	27	1
33	1	27	1
34	1	27	1
35	2	27	1
36	0	27	1
37	2	27	1
38	0	27	1
39	0	27	1
40	3	27	1
41	0	27	1
42	1	27	1
43	1	27	1
1	0	28	1
2	0	28	1
3	0	28	1
4	0	28	1
5	1	28	1
6	0	28	1
7	0	28	1
8	0	28	1
9	0	28	1
10	3	28	1
11	0	28	1
12	0	28	1
13	0	28	1
14	2	28	1
15	5	28	1
16	4	28	1
17	8	28	1
18	4	28	1
19	1	28	1
20	1	28	1
21	1	28	1
22	8	28	1
23	5	28	1
24	9	28	1
25	5	28	1
26	3	28	1
27	3	28	1
28	6	28	1
29	8	28	1
30	2	28	1
31	1	28	1
32	9	28	1
33	5	28	1
34	1	28	1
35	2	28	1
36	0	28	1
37	3	28	1
38	1	28	1
39	0	28	1
40	2	28	1
41	0	28	1
42	1	28	1
1	0	29	1
2	0	29	1
3	0	29	1
4	0	29	1
5	5	29	1
6	0	29	1
7	0	29	1
8	0	29	1
9	0	29	1
10	1	29	1
11	0	29	1
12	1	29	1
13	0	29	1
14	4	29	1
15	2	29	1
16	4	29	1
17	7	29	1
18	6	29	1
19	2	29	1
20	3	29	1
21	0	29	1
22	10	29	1
23	3	29	1
24	10	29	1
25	1	29	1
26	2	29	1
27	8	29	1
28	2	29	1
29	7	29	1
30	3	29	1
31	3	29	1
32	5	29	1
33	0	29	1
34	1	29	1
35	2	29	1
36	0	29	1
37	4	29	1
38	1	29	1
39	0	29	1
40	4	29	1
41	0	29	1
42	3	29	1
1	0	30	1
2	0	30	1
3	0	30	1
4	0	30	1
5	1	30	1
6	0	30	1
7	0	30	1
8	0	30	1
9	0	30	1
10	5	30	1
11	0	30	1
12	2	30	1
13	0	30	1
14	2	30	1
15	5	30	1
16	5	30	1
17	2	30	1
18	2	30	1
19	2	30	1
20	0	30	1
21	2	30	1
22	6	30	1
23	5	30	1
24	9	30	1
25	5	30	1
26	5	30	1
27	5	30	1
28	3	30	1
29	10	30	1
30	4	30	1
31	5	30	1
32	4	30	1
33	1	30	1
34	4	30	1
35	2	30	1
36	0	30	1
37	1	30	1
38	1	30	1
39	1	30	1
40	3	30	1
41	0	30	1
42	1	30	1
43	1	30	1
1	0	31	1
2	0	31	1
3	0	31	1
4	0	31	1
5	2	31	1
6	0	31	1
7	0	31	1
8	0	31	1
9	0	31	1
10	3	31	1
11	0	31	1
12	4	31	1
13	0	31	1
14	2	31	1
15	7	31	1
16	3	31	1
17	4	31	1
18	2	31	1
19	1	31	1
20	3	31	1
21	2	31	1
22	10	31	1
23	6	31	1
24	11	31	1
25	2	31	1
26	3	31	1
27	7	31	1
28	8	31	1
29	9	31	1
30	0	31	1
31	5	31	1
32	3	31	1
33	2	31	1
34	1	31	1
35	0	31	1
36	0	31	1
37	1	31	1
38	0	31	1
39	1	31	1
40	1	31	1
41	0	31	1
42	0	31	1
43	1	31	1
1	0	32	1
2	0	32	1
3	0	32	1
4	0	32	1
5	5	32	1
6	0	32	1
7	0	32	1
8	0	32	1
9	0	32	1
10	4	32	1
11	0	32	1
12	1	32	1
13	0	32	1
14	1	32	1
15	6	32	1
16	3	32	1
17	3	32	1
18	4	32	1
19	3	32	1
20	2	32	1
21	5	32	1
22	8	32	1
23	5	32	1
24	6	32	1
25	6	32	1
26	5	32	1
27	9	32	1
28	5	32	1
29	6	32	1
30	3	32	1
31	2	32	1
32	2	32	1
33	2	32	1
34	1	32	1
35	1	32	1
36	0	32	1
37	2	32	1
38	0	32	1
39	1	32	1
40	1	32	1
41	0	32	1
42	2	32	1
1	0	33	1
2	0	33	1
3	0	33	1
4	0	33	1
5	4	33	1
6	0	33	1
7	0	33	1
8	0	33	1
9	0	33	1
10	0	33	1
11	0	33	1
12	2	33	1
13	0	33	1
14	4	33	1
15	10	33	1
16	2	33	1
17	11	33	1
18	3	33	1
19	2	33	1
20	2	33	1
21	0	33	1
22	10	33	1
23	7	33	1
24	8	33	1
25	1	33	1
26	2	33	1
27	2	33	1
28	2	33	1
29	6	33	1
30	2	33	1
31	2	33	1
32	8	33	1
33	3	33	1
34	1	33	1
35	2	33	1
36	0	33	1
37	2	33	1
38	0	33	1
39	2	33	1
40	2	33	1
41	0	33	1
42	1	33	1
43	1	33	1
1	0	34	1
2	0	34	1
3	0	34	1
4	0	34	1
5	0	34	1
6	0	34	1
7	0	34	1
8	0	34	1
9	0	34	1
10	1	34	1
11	0	34	1
12	1	34	1
13	0	34	1
14	5	34	1
15	3	34	1
16	5	34	1
17	9	34	1
18	5	34	1
19	0	34	1
20	0	34	1
21	1	34	1
22	7	34	1
23	8	34	1
24	9	34	1
25	4	34	1
26	2	34	1
27	5	34	1
28	6	34	1
29	4	34	1
30	4	34	1
31	5	34	1
32	6	34	1
33	1	34	1
34	2	34	1
35	1	34	1
36	0	34	1
37	1	34	1
38	0	34	1
39	1	34	1
40	4	34	1
41	0	34	1
42	4	34	1
1	0	35	1
2	0	35	1
3	0	35	1
4	0	35	1
5	2	35	1
6	0	35	1
7	0	35	1
8	0	35	1
9	0	35	1
10	0	35	1
11	0	35	1
12	1	35	1
13	0	35	1
14	2	35	1
15	6	35	1
16	2	35	1
17	14	35	1
18	0	35	1
19	3	35	1
20	0	35	1
21	3	35	1
22	8	35	1
23	3	35	1
24	5	35	1
25	7	35	1
26	5	35	1
27	8	35	1
28	5	35	1
29	8	35	1
30	5	35	1
31	3	35	1
32	4	35	1
33	1	35	1
34	1	35	1
35	3	35	1
36	0	35	1
37	0	35	1
38	0	35	1
39	2	35	1
40	2	35	1
41	0	35	1
42	1	35	1
1	0	36	1
2	0	36	1
3	0	36	1
4	0	36	1
5	0	36	1
6	0	36	1
7	0	36	1
8	0	36	1
9	0	36	1
10	2	36	1
11	0	36	1
12	2	36	1
13	0	36	1
14	3	36	1
15	3	36	1
16	4	36	1
17	5	36	1
18	4	36	1
19	5	36	1
20	0	36	1
21	2	36	1
22	10	36	1
23	5	36	1
24	6	36	1
25	5	36	1
26	5	36	1
27	8	36	1
28	4	36	1
29	6	36	1
30	1	36	1
31	2	36	1
32	4	36	1
33	0	36	1
34	1	36	1
35	1	36	1
36	0	36	1
37	7	36	1
38	0	36	1
39	3	36	1
40	3	36	1
41	0	36	1
42	2	36	1
43	1	36	1
1	0	37	1
2	0	37	1
3	0	37	1
4	0	37	1
5	3	37	1
6	0	37	1
7	0	37	1
8	0	37	1
9	0	37	1
10	0	37	1
11	0	37	1
12	1	37	1
13	0	37	1
14	2	37	1
15	4	37	1
16	5	37	1
17	7	37	1
18	5	37	1
19	2	37	1
20	1	37	1
21	2	37	1
22	6	37	1
23	4	37	1
24	5	37	1
25	3	37	1
26	6	37	1
27	4	37	1
28	8	37	1
29	10	37	1
30	1	37	1
31	5	37	1
32	6	37	1
33	1	37	1
34	0	37	1
35	1	37	1
36	0	37	1
37	2	37	1
38	1	37	1
39	1	37	1
40	6	37	1
41	0	37	1
42	2	37	1
1	0	38	1
2	0	38	1
3	0	38	1
4	0	38	1
5	0	38	1
6	0	38	1
7	0	38	1
8	0	38	1
9	0	38	1
10	1	38	1
11	0	38	1
12	3	38	1
13	0	38	1
14	4	38	1
15	4	38	1
16	2	38	1
17	10	38	1
18	3	38	1
19	2	38	1
20	1	38	1
21	4	38	1
22	6	38	1
23	5	38	1
24	7	38	1
25	4	38	1
26	2	38	1
27	3	38	1
28	7	38	1
29	9	38	1
30	4	38	1
31	3	38	1
32	4	38	1
33	2	38	1
34	0	38	1
35	1	38	1
36	0	38	1
37	3	38	1
38	1	38	1
39	1	38	1
40	7	38	1
41	0	38	1
42	1	38	1
1	0	39	1
2	0	39	1
3	0	39	1
4	0	39	1
5	3	39	1
6	0	39	1
7	0	39	1
8	0	39	1
9	0	39	1
10	1	39	1
11	0	39	1
12	2	39	1
13	0	39	1
14	3	39	1
15	3	39	1
16	4	39	1
17	8	39	1
18	2	39	1
19	5	39	1
20	1	39	1
21	2	39	1
22	8	39	1
23	6	39	1
24	7	39	1
25	4	39	1
26	5	39	1
27	1	39	1
28	3	39	1
29	8	39	1
30	6	39	1
31	0	39	1
32	3	39	1
33	3	39	1
34	1	39	1
35	6	39	1
36	0	39	1
37	1	39	1
38	1	39	1
39	1	39	1
40	4	39	1
41	0	39	1
42	1	39	1
43	1	39	1
1	0	40	1
2	0	40	1
3	0	40	1
4	0	40	1
5	2	40	1
6	0	40	1
7	0	40	1
8	0	40	1
9	0	40	1
10	3	40	1
11	0	40	1
12	4	40	1
13	0	40	1
14	1	40	1
15	6	40	1
16	3	40	1
17	4	40	1
18	1	40	1
19	0	40	1
20	1	40	1
21	2	40	1
22	14	40	1
23	2	40	1
24	7	40	1
25	6	40	1
26	4	40	1
27	7	40	1
28	3	40	1
29	7	40	1
30	1	40	1
31	1	40	1
32	7	40	1
33	2	40	1
34	0	40	1
35	5	40	1
36	0	40	1
37	2	40	1
38	2	40	1
39	1	40	1
40	3	40	1
41	0	40	1
42	2	40	1
43	1	40	1
1	0	41	1
2	0	41	1
3	0	41	1
4	0	41	1
5	4	41	1
6	0	41	1
7	0	41	1
8	0	41	1
9	0	41	1
10	2	41	1
11	0	41	1
12	3	41	1
13	0	41	1
14	2	41	1
15	3	41	1
16	4	41	1
17	3	41	1
18	5	41	1
19	2	41	1
20	2	41	1
21	4	41	1
22	8	41	1
23	8	41	1
24	6	41	1
25	6	41	1
26	5	41	1
27	4	41	1
28	2	41	1
29	8	41	1
30	1	41	1
31	2	41	1
32	5	41	1
33	2	41	1
34	0	41	1
35	1	41	1
36	0	41	1
37	4	41	1
38	2	41	1
39	2	41	1
40	2	41	1
41	0	41	1
42	2	41	1
1	0	42	1
2	0	42	1
3	0	42	1
4	0	42	1
5	4	42	1
6	0	42	1
7	0	42	1
8	0	42	1
9	0	42	1
10	2	42	1
11	0	42	1
12	0	42	1
13	0	42	1
14	6	42	1
15	5	42	1
16	8	42	1
17	6	42	1
18	6	42	1
19	4	42	1
20	1	42	1
21	3	42	1
22	8	42	1
23	5	42	1
24	2	42	1
25	5	42	1
26	1	42	1
27	1	42	1
28	7	42	1
29	6	42	1
30	2	42	1
31	2	42	1
32	4	42	1
33	2	42	1
34	1	42	1
35	2	42	1
36	0	42	1
37	2	42	1
38	0	42	1
39	1	42	1
40	3	42	1
41	0	42	1
42	1	42	1
43	4	42	1
1	0	43	1
2	0	43	1
3	0	43	1
4	0	43	1
5	2	43	1
6	0	43	1
7	0	43	1
8	0	43	1
9	0	43	1
10	2	43	1
11	0	43	1
12	0	43	1
13	0	43	1
14	3	43	1
15	4	43	1
16	6	43	1
17	5	43	1
18	4	43	1
19	5	43	1
20	0	43	1
21	2	43	1
22	7	43	1
23	4	43	1
24	5	43	1
25	6	43	1
26	3	43	1
27	1	43	1
28	5	43	1
29	7	43	1
30	5	43	1
31	5	43	1
32	7	43	1
33	0	43	1
34	1	43	1
35	0	43	1
36	0	43	1
37	3	43	1
38	2	43	1
39	1	43	1
40	6	43	1
41	0	43	1
42	2	43	1
43	1	43	1
1	0	44	1
2	0	44	1
3	0	44	1
4	0	44	1
5	0	44	1
6	0	44	1
7	0	44	1
8	0	44	1
9	0	44	1
10	4	44	1
11	0	44	1
12	1	44	1
13	0	44	1
14	1	44	1
15	6	44	1
16	3	44	1
17	3	44	1
18	8	44	1
19	2	44	1
20	2	44	1
21	3	44	1
22	9	44	1
23	4	44	1
24	10	44	1
25	2	44	1
26	3	44	1
27	9	44	1
28	5	44	1
29	10	44	1
30	3	44	1
31	0	44	1
32	6	44	1
33	1	44	1
34	2	44	1
35	0	44	1
36	0	44	1
37	2	44	1
38	0	44	1
39	0	44	1
40	4	44	1
41	0	44	1
42	1	44	1
1	0	45	1
2	0	45	1
3	0	45	1
4	0	45	1
5	2	45	1
6	0	45	1
7	0	45	1
8	0	45	1
9	0	45	1
10	2	45	1
11	0	45	1
12	2	45	1
13	0	45	1
14	5	45	1
15	2	45	1
16	1	45	1
17	11	45	1
18	1	45	1
19	1	45	1
20	0	45	1
21	2	45	1
22	9	45	1
23	5	45	1
24	6	45	1
25	4	45	1
26	4	45	1
27	4	45	1
28	5	45	1
29	8	45	1
30	0	45	1
31	4	45	1
32	4	45	1
33	2	45	1
34	4	45	1
35	9	45	1
36	0	45	1
37	2	45	1
38	1	45	1
39	1	45	1
40	3	45	1
1	0	46	1
2	0	46	1
3	0	46	1
4	0	46	1
5	1	46	1
6	0	46	1
7	0	46	1
8	0	46	1
9	0	46	1
10	2	46	1
11	0	46	1
12	2	46	1
13	0	46	1
14	3	46	1
15	3	46	1
16	2	46	1
17	3	46	1
18	3	46	1
19	2	46	1
20	5	46	1
21	2	46	1
22	10	46	1
23	9	46	1
24	9	46	1
25	4	46	1
26	2	46	1
27	7	46	1
28	4	46	1
29	5	46	1
30	2	46	1
31	1	46	1
32	5	46	1
33	3	46	1
34	2	46	1
35	1	46	1
36	0	46	1
37	4	46	1
38	3	46	1
39	2	46	1
40	1	46	1
41	0	46	1
42	1	46	1
43	1	46	1
1	0	47	1
2	0	47	1
3	0	47	1
4	0	47	1
5	0	47	1
6	0	47	1
7	0	47	1
8	0	47	1
9	0	47	1
10	3	47	1
11	0	47	1
12	3	47	1
13	0	47	1
14	2	47	1
15	5	47	1
16	4	47	1
17	5	47	1
18	4	47	1
19	2	47	1
20	0	47	1
21	1	47	1
22	7	47	1
23	6	47	1
24	10	47	1
25	4	47	1
26	3	47	1
27	9	47	1
28	6	47	1
29	3	47	1
30	4	47	1
31	4	47	1
32	1	47	1
33	1	47	1
34	0	47	1
35	2	47	1
36	0	47	1
37	1	47	1
38	0	47	1
39	1	47	1
40	9	47	1
41	0	47	1
42	2	47	1
43	2	47	1
1	0	48	1
2	0	48	1
3	0	48	1
4	0	48	1
5	4	48	1
6	0	48	1
7	0	48	1
8	0	48	1
9	0	48	1
10	3	48	1
11	0	48	1
12	3	48	1
13	0	48	1
14	3	48	1
15	2	48	1
16	6	48	1
17	7	48	1
18	6	48	1
19	0	48	1
20	0	48	1
21	2	48	1
22	14	48	1
23	3	48	1
24	8	48	1
25	1	48	1
26	6	48	1
27	0	48	1
28	6	48	1
29	5	48	1
30	3	48	1
31	3	48	1
32	3	48	1
33	3	48	1
34	0	48	1
35	1	48	1
36	0	48	1
37	3	48	1
38	1	48	1
39	1	48	1
40	4	48	1
41	0	48	1
42	3	48	1
1	0	49	1
2	0	49	1
3	0	49	1
4	0	49	1
5	2	49	1
6	0	49	1
7	0	49	1
8	0	49	1
9	0	49	1
10	0	49	1
11	0	49	1
12	3	49	1
13	0	49	1
14	5	49	1
15	2	49	1
16	4	49	1
17	8	49	1
18	6	49	1
19	1	49	1
20	1	49	1
21	3	49	1
22	8	49	1
23	4	49	1
24	6	49	1
25	5	49	1
26	3	49	1
27	1	49	1
28	7	49	1
29	2	49	1
30	5	49	1
31	6	49	1
32	6	49	1
33	2	49	1
34	0	49	1
35	2	49	1
36	0	49	1
37	1	49	1
38	1	49	1
39	1	49	1
40	6	49	1
41	0	49	1
42	1	49	1
43	2	49	1
1	0	50	1
2	0	50	1
3	0	50	1
4	0	50	1
5	0	50	1
6	0	50	1
7	0	50	1
8	0	50	1
9	0	50	1
10	5	50	1
11	0	50	1
12	2	50	1
13	0	50	1
14	4	50	1
15	2	50	1
16	5	50	1
17	4	50	1
18	3	50	1
19	4	50	1
20	1	50	1
21	1	50	1
22	5	50	1
23	7	50	1
24	4	50	1
25	3	50	1
26	2	50	1
27	6	50	1
28	8	50	1
29	6	50	1
30	5	50	1
31	6	50	1
32	8	50	1
33	1	50	1
34	0	50	1
35	3	50	1
36	0	50	1
37	2	50	1
38	0	50	1
39	1	50	1
40	1	50	1
41	0	50	1
42	2	50	1
43	3	50	1
1	0	51	1
2	0	51	1
3	0	51	1
4	0	51	1
5	2	51	1
6	0	51	1
7	0	51	1
8	0	51	1
9	0	51	1
10	1	51	1
11	0	51	1
12	3	51	1
13	0	51	1
14	0	51	1
15	4	51	1
16	3	51	1
17	2	51	1
18	4	51	1
19	3	51	1
20	0	51	1
21	3	51	1
22	8	51	1
23	7	51	1
24	6	51	1
25	7	51	1
26	2	51	1
27	3	51	1
28	6	51	1
29	4	51	1
30	5	51	1
31	4	51	1
32	8	51	1
33	3	51	1
34	0	51	1
35	3	51	1
36	0	51	1
37	5	51	1
38	0	51	1
39	1	51	1
40	3	51	1
41	0	51	1
42	3	51	1
43	1	51	1
1	0	52	1
2	0	52	1
3	0	52	1
4	0	52	1
5	1	52	1
6	0	52	1
7	0	52	1
8	0	52	1
9	0	52	1
10	1	52	1
11	0	52	1
12	2	52	1
13	0	52	1
14	2	52	1
15	3	52	1
16	5	52	1
17	8	52	1
18	7	52	1
19	4	52	1
20	0	52	1
21	2	52	1
22	15	52	1
23	3	52	1
24	10	52	1
25	8	52	1
26	3	52	1
27	1	52	1
28	6	52	1
29	3	52	1
30	3	52	1
31	2	52	1
32	4	52	1
33	3	52	1
34	2	52	1
35	2	52	1
36	0	52	1
37	1	52	1
38	2	52	1
39	0	52	1
40	0	52	1
41	0	52	1
42	1	52	1
1	0	53	1
2	0	53	1
3	0	53	1
4	0	53	1
5	1	53	1
6	0	53	1
7	0	53	1
8	0	53	1
9	0	53	1
10	3	53	1
11	0	53	1
12	4	53	1
13	0	53	1
14	4	53	1
15	3	53	1
16	4	53	1
17	5	53	1
18	2	53	1
19	0	53	1
20	0	53	1
21	1	53	1
22	10	53	1
23	4	53	1
24	7	53	1
25	5	53	1
26	5	53	1
27	9	53	1
28	7	53	1
29	4	53	1
30	5	53	1
31	3	53	1
32	2	53	1
33	1	53	1
34	0	53	1
35	2	53	1
36	0	53	1
37	4	53	1
38	0	53	1
39	1	53	1
40	2	53	1
41	0	53	1
42	3	53	1
43	3	53	1
1	0	54	1
2	0	54	1
3	0	54	1
4	0	54	1
5	1	54	1
6	0	54	1
7	0	54	1
8	0	54	1
9	0	54	1
10	4	54	1
11	0	54	1
12	1	54	1
13	0	54	1
14	4	54	1
15	8	54	1
16	2	54	1
17	7	54	1
18	3	54	1
19	2	54	1
20	1	54	1
21	0	54	1
22	11	54	1
23	4	54	1
24	4	54	1
25	5	54	1
26	4	54	1
27	4	54	1
28	6	54	1
29	7	54	1
30	5	54	1
31	2	54	1
32	5	54	1
33	2	54	1
34	3	54	1
35	2	54	1
36	0	54	1
37	1	54	1
38	2	54	1
39	0	54	1
40	2	54	1
41	0	54	1
42	2	54	1
1	0	55	1
2	0	55	1
3	0	55	1
4	0	55	1
5	1	55	1
6	0	55	1
7	0	55	1
8	0	55	1
9	0	55	1
10	2	55	1
11	0	55	1
12	0	55	1
13	0	55	1
14	3	55	1
15	3	55	1
16	1	55	1
17	4	55	1
18	4	55	1
19	3	55	1
20	2	55	1
21	2	55	1
22	13	55	1
23	7	55	1
24	8	55	1
25	5	55	1
26	8	55	1
27	3	55	1
28	5	55	1
29	4	55	1
30	4	55	1
31	1	55	1
32	4	55	1
33	2	55	1
34	2	55	1
35	5	55	1
36	0	55	1
37	0	55	1
38	1	55	1
39	1	55	1
40	2	55	1
41	0	55	1
42	2	55	1
43	2	55	1
1	0	56	1
2	0	56	1
3	0	56	1
4	0	56	1
5	3	56	1
6	0	56	1
7	0	56	1
8	0	56	1
9	0	56	1
10	2	56	1
11	0	56	1
12	1	56	1
13	0	56	1
14	4	56	1
15	2	56	1
16	5	56	1
17	3	56	1
18	5	56	1
19	2	56	1
20	0	56	1
21	3	56	1
22	9	56	1
23	6	56	1
24	10	56	1
25	4	56	1
26	7	56	1
27	3	56	1
28	5	56	1
29	8	56	1
30	2	56	1
31	3	56	1
32	5	56	1
33	2	56	1
34	0	56	1
35	0	56	1
36	0	56	1
37	3	56	1
38	1	56	1
39	0	56	1
40	2	56	1
41	0	56	1
42	2	56	1
43	2	56	1
1	0	57	1
2	0	57	1
3	0	57	1
4	0	57	1
5	2	57	1
6	0	57	1
7	0	57	1
8	0	57	1
9	0	57	1
10	0	57	1
11	0	57	1
12	3	57	1
13	0	57	1
14	3	57	1
15	4	57	1
16	6	57	1
17	9	57	1
18	8	57	1
19	3	57	1
20	2	57	1
21	3	57	1
22	7	57	1
23	1	57	1
24	10	57	1
25	2	57	1
26	3	57	1
27	6	57	1
28	4	57	1
29	6	57	1
30	2	57	1
31	1	57	1
32	4	57	1
33	2	57	1
34	0	57	1
35	2	57	1
36	0	57	1
37	3	57	1
38	2	57	1
39	1	57	1
40	4	57	1
41	0	57	1
42	1	57	1
1	0	58	1
2	0	58	1
3	0	58	1
4	0	58	1
5	1	58	1
6	0	58	1
7	0	58	1
8	0	58	1
9	0	58	1
10	2	58	1
11	0	58	1
12	1	58	1
13	0	58	1
14	5	58	1
15	4	58	1
16	2	58	1
17	4	58	1
18	6	58	1
19	3	58	1
20	2	58	1
21	3	58	1
22	12	58	1
23	1	58	1
24	4	58	1
25	1	58	1
26	4	58	1
27	7	58	1
28	5	58	1
29	3	58	1
30	2	58	1
31	2	58	1
32	8	58	1
33	3	58	1
34	2	58	1
35	4	58	1
36	0	58	1
37	3	58	1
38	0	58	1
39	2	58	1
40	5	58	1
41	0	58	1
42	3	58	1
1	0	59	1
2	0	59	1
3	0	59	1
4	0	59	1
5	3	59	1
6	0	59	1
7	0	59	1
8	0	59	1
9	0	59	1
10	3	59	1
11	0	59	1
12	0	59	1
13	0	59	1
14	3	59	1
15	4	59	1
16	3	59	1
17	6	59	1
18	5	59	1
19	3	59	1
20	2	59	1
21	2	59	1
22	10	59	1
23	9	59	1
24	3	59	1
25	7	59	1
26	2	59	1
27	3	59	1
28	4	59	1
29	7	59	1
30	2	59	1
31	2	59	1
32	7	59	1
33	3	59	1
34	0	59	1
35	1	59	1
36	0	59	1
37	4	59	1
38	0	59	1
39	1	59	1
40	1	59	1
41	0	59	1
42	1	59	1
43	3	59	1
1	0	60	1
2	0	60	1
3	0	60	1
4	0	60	1
5	2	60	1
6	0	60	1
7	0	60	1
8	0	60	1
9	0	60	1
10	2	60	1
11	0	60	1
12	4	60	1
13	0	60	1
14	1	60	1
15	3	60	1
16	11	60	1
17	7	60	1
18	4	60	1
19	3	60	1
20	1	60	1
21	1	60	1
22	12	60	1
23	1	60	1
24	3	60	1
25	4	60	1
26	6	60	1
27	6	60	1
28	6	60	1
29	3	60	1
30	7	60	1
31	1	60	1
32	4	60	1
33	2	60	1
34	1	60	1
35	2	60	1
36	0	60	1
37	3	60	1
38	1	60	1
39	0	60	1
40	0	60	1
41	0	60	1
42	3	60	1
1	0	61	1
2	0	61	1
3	0	61	1
4	0	61	1
5	1	61	1
6	0	61	1
7	0	61	1
8	0	61	1
9	0	61	1
10	5	61	1
11	0	61	1
12	1	61	1
13	0	61	1
14	2	61	1
15	3	61	1
16	1	61	1
17	2	61	1
18	4	61	1
19	3	61	1
20	0	61	1
21	2	61	1
22	11	61	1
23	4	61	1
24	8	61	1
25	3	61	1
26	5	61	1
27	5	61	1
28	7	61	1
29	4	61	1
30	6	61	1
31	2	61	1
32	9	61	1
33	3	61	1
34	0	61	1
35	2	61	1
36	0	61	1
37	3	61	1
38	1	61	1
39	2	61	1
40	2	61	1
41	0	61	1
42	3	61	1
1	0	62	1
2	0	62	1
3	0	62	1
4	0	62	1
5	0	62	1
6	0	62	1
7	0	62	1
8	0	62	1
9	0	62	1
10	2	62	1
11	0	62	1
12	2	62	1
13	0	62	1
14	5	62	1
15	6	62	1
16	5	62	1
17	4	62	1
18	2	62	1
19	4	62	1
20	1	62	1
21	2	62	1
22	13	62	1
23	3	62	1
24	5	62	1
25	6	62	1
26	5	62	1
27	2	62	1
28	8	62	1
29	4	62	1
30	5	62	1
31	2	62	1
32	5	62	1
33	1	62	1
34	1	62	1
35	2	62	1
36	0	62	1
37	2	62	1
38	3	62	1
39	0	62	1
40	3	62	1
41	0	62	1
42	1	62	1
1	0	63	1
2	0	63	1
3	0	63	1
4	0	63	1
5	4	63	1
6	0	63	1
7	0	63	1
8	0	63	1
9	0	63	1
10	2	63	1
11	0	63	1
12	2	63	1
13	0	63	1
14	2	63	1
15	1	63	1
16	0	63	1
17	14	63	1
18	2	63	1
19	3	63	1
20	4	63	1
21	3	63	1
22	6	63	1
23	3	63	1
24	4	63	1
25	5	63	1
26	3	63	1
27	3	63	1
28	8	63	1
29	8	63	1
30	1	63	1
31	3	63	1
32	6	63	1
33	6	63	1
34	3	63	1
35	4	63	1
36	0	63	1
37	1	63	1
38	0	63	1
39	0	63	1
40	2	63	1
41	0	63	1
42	0	63	1
43	1	63	1
1	0	64	1
2	0	64	1
3	0	64	1
4	0	64	1
5	2	64	1
6	0	64	1
7	0	64	1
8	0	64	1
9	0	64	1
10	1	64	1
11	0	64	1
12	2	64	1
13	0	64	1
14	2	64	1
15	7	64	1
16	4	64	1
17	3	64	1
18	5	64	1
19	2	64	1
20	0	64	1
21	3	64	1
22	10	64	1
23	3	64	1
24	7	64	1
25	2	64	1
26	6	64	1
27	9	64	1
28	8	64	1
29	6	64	1
30	1	64	1
31	2	64	1
32	4	64	1
33	0	64	1
34	1	64	1
35	1	64	1
36	0	64	1
37	2	64	1
38	5	64	1
39	0	64	1
40	4	64	1
41	0	64	1
42	2	64	1
1	0	65	1
2	0	65	1
3	0	65	1
4	0	65	1
5	2	65	1
6	0	65	1
7	0	65	1
8	0	65	1
9	0	65	1
10	5	65	1
11	0	65	1
12	0	65	1
13	0	65	1
14	0	65	1
15	4	65	1
16	7	65	1
17	5	65	1
18	8	65	1
19	3	65	1
20	2	65	1
21	4	65	1
22	7	65	1
23	6	65	1
24	5	65	1
25	5	65	1
26	8	65	1
27	4	65	1
28	4	65	1
29	4	65	1
30	2	65	1
31	0	65	1
32	7	65	1
33	1	65	1
34	0	65	1
35	2	65	1
36	0	65	1
37	5	65	1
38	0	65	1
39	0	65	1
40	2	65	1
41	0	65	1
42	1	65	1
43	1	65	1
1	0	66	1
2	0	66	1
3	0	66	1
4	0	66	1
5	1	66	1
6	0	66	1
7	0	66	1
8	0	66	1
9	0	66	1
10	1	66	1
11	0	66	1
12	0	66	1
13	0	66	1
14	3	66	1
15	3	66	1
16	6	66	1
17	1	66	1
18	1	66	1
19	1	66	1
20	1	66	1
21	3	66	1
22	7	66	1
23	8	66	1
24	7	66	1
25	4	66	1
26	4	66	1
27	4	66	1
28	4	66	1
29	12	66	1
30	4	66	1
31	6	66	1
32	6	66	1
33	3	66	1
34	0	66	1
35	2	66	1
36	0	66	1
37	4	66	1
38	0	66	1
39	2	66	1
40	3	66	1
41	0	66	1
42	2	66	1
43	1	66	1
1	0	67	1
2	0	67	1
3	0	67	1
4	0	67	1
5	2	67	1
6	0	67	1
7	0	67	1
8	0	67	1
9	0	67	1
10	2	67	1
11	0	67	1
12	1	67	1
13	0	67	1
14	0	67	1
15	2	67	1
16	5	67	1
17	9	67	1
18	4	67	1
19	1	67	1
20	1	67	1
21	0	67	1
22	9	67	1
23	12	67	1
24	5	67	1
25	0	67	1
26	4	67	1
27	4	67	1
28	10	67	1
29	5	67	1
30	3	67	1
31	3	67	1
32	4	67	1
33	3	67	1
34	0	67	1
35	4	67	1
36	0	67	1
37	3	67	1
38	2	67	1
39	0	67	1
40	3	67	1
41	0	67	1
42	3	67	1
1	0	68	1
2	0	68	1
3	0	68	1
4	0	68	1
5	2	68	1
6	0	68	1
7	0	68	1
8	0	68	1
9	0	68	1
10	2	68	1
11	0	68	1
12	4	68	1
13	0	68	1
14	1	68	1
15	4	68	1
16	4	68	1
17	8	68	1
18	2	68	1
19	2	68	1
20	0	68	1
21	3	68	1
22	10	68	1
23	1	68	1
24	9	68	1
25	7	68	1
26	4	68	1
27	3	68	1
28	6	68	1
29	6	68	1
30	2	68	1
31	4	68	1
32	3	68	1
33	4	68	1
34	0	68	1
35	0	68	1
36	0	68	1
37	4	68	1
38	1	68	1
39	0	68	1
40	4	68	1
41	0	68	1
42	1	68	1
43	3	68	1
1	0	69	1
2	0	69	1
3	0	69	1
4	0	69	1
5	3	69	1
6	0	69	1
7	0	69	1
8	0	69	1
9	0	69	1
10	2	69	1
11	0	69	1
12	3	69	1
13	0	69	1
14	3	69	1
15	2	69	1
16	5	69	1
17	7	69	1
18	6	69	1
19	4	69	1
20	2	69	1
21	1	69	1
22	12	69	1
23	5	69	1
24	2	69	1
25	3	69	1
26	5	69	1
27	6	69	1
28	1	69	1
29	8	69	1
30	7	69	1
31	2	69	1
32	4	69	1
33	1	69	1
34	0	69	1
35	2	69	1
36	0	69	1
37	3	69	1
38	0	69	1
39	0	69	1
40	3	69	1
41	0	69	1
42	2	69	1
1	0	70	1
2	0	70	1
3	0	70	1
4	0	70	1
5	3	70	1
6	0	70	1
7	0	70	1
8	0	70	1
9	0	70	1
10	2	70	1
11	0	70	1
12	3	70	1
13	0	70	1
14	3	70	1
15	5	70	1
16	3	70	1
17	3	70	1
18	5	70	1
19	2	70	1
20	1	70	1
21	4	70	1
22	7	70	1
23	9	70	1
24	10	70	1
25	0	70	1
26	2	70	1
27	5	70	1
28	5	70	1
29	7	70	1
30	6	70	1
31	2	70	1
32	3	70	1
33	1	70	1
34	1	70	1
35	3	70	1
36	0	70	1
37	4	70	1
38	2	70	1
39	0	70	1
40	1	70	1
41	0	70	1
42	1	70	1
43	1	70	1
1	0	71	1
2	0	71	1
3	0	71	1
4	0	71	1
5	0	71	1
6	0	71	1
7	0	71	1
8	0	71	1
9	0	71	1
10	1	71	1
11	0	71	1
12	0	71	1
13	0	71	1
14	4	71	1
15	6	71	1
16	4	71	1
17	2	71	1
18	4	71	1
19	0	71	1
20	0	71	1
21	4	71	1
22	9	71	1
23	6	71	1
24	10	71	1
25	6	71	1
26	3	71	1
27	2	71	1
28	7	71	1
29	2	71	1
30	4	71	1
31	4	71	1
32	9	71	1
33	4	71	1
34	0	71	1
35	2	71	1
36	0	71	1
37	4	71	1
38	0	71	1
39	0	71	1
40	2	71	1
41	0	71	1
42	3	71	1
43	2	71	1
1	0	72	1
2	0	72	1
3	0	72	1
4	0	72	1
5	3	72	1
6	0	72	1
7	0	72	1
8	0	72	1
9	0	72	1
10	0	72	1
11	0	72	1
12	1	72	1
13	0	72	1
14	1	72	1
15	3	72	1
16	4	72	1
17	6	72	1
18	5	72	1
19	2	72	1
20	1	72	1
21	3	72	1
22	8	72	1
23	1	72	1
24	5	72	1
25	5	72	1
26	4	72	1
27	5	72	1
28	3	72	1
29	7	72	1
30	5	72	1
31	2	72	1
32	5	72	1
33	1	72	1
34	0	72	1
35	5	72	1
36	0	72	1
37	4	72	1
38	0	72	1
39	4	72	1
40	5	72	1
41	0	72	1
42	2	72	1
43	4	72	1
1	0	73	1
2	0	73	1
3	0	73	1
4	0	73	1
5	1	73	1
6	0	73	1
7	0	73	1
8	0	73	1
9	0	73	1
10	5	73	1
11	0	73	1
12	3	73	1
13	0	73	1
14	2	73	1
15	7	73	1
16	5	73	1
17	5	73	1
18	4	73	1
19	1	73	1
20	0	73	1
21	2	73	1
22	10	73	1
23	6	73	1
24	7	73	1
25	1	73	1
26	5	73	1
27	3	73	1
28	6	73	1
29	5	73	1
30	4	73	1
31	4	73	1
32	6	73	1
33	2	73	1
34	0	73	1
35	1	73	1
36	0	73	1
37	2	73	1
38	0	73	1
39	3	73	1
40	1	73	1
41	0	73	1
42	2	73	1
43	1	73	1
1	0	74	1
2	0	74	1
3	0	74	1
4	0	74	1
5	1	74	1
6	0	74	1
7	0	74	1
8	0	74	1
9	0	74	1
10	2	74	1
11	0	74	1
12	3	74	1
13	0	74	1
14	3	74	1
15	2	74	1
16	6	74	1
17	6	74	1
18	8	74	1
19	0	74	1
20	0	74	1
21	4	74	1
22	5	74	1
23	6	74	1
24	4	74	1
25	8	74	1
26	4	74	1
27	4	74	1
28	2	74	1
29	9	74	1
30	3	74	1
31	0	74	1
32	7	74	1
33	0	74	1
34	4	74	1
35	2	74	1
36	0	74	1
37	2	74	1
38	1	74	1
39	2	74	1
40	4	74	1
41	0	74	1
42	2	74	1
1	0	75	1
2	0	75	1
3	0	75	1
4	0	75	1
5	0	75	1
6	0	75	1
7	0	75	1
8	0	75	1
9	0	75	1
10	5	75	1
11	0	75	1
12	1	75	1
13	0	75	1
14	2	75	1
15	2	75	1
16	7	75	1
17	8	75	1
18	4	75	1
19	3	75	1
20	1	75	1
21	2	75	1
22	9	75	1
23	1	75	1
24	5	75	1
25	3	75	1
26	1	75	1
27	3	75	1
28	7	75	1
29	5	75	1
30	3	75	1
31	4	75	1
32	7	75	1
33	0	75	1
34	2	75	1
35	2	75	1
36	0	75	1
37	6	75	1
38	3	75	1
39	2	75	1
40	2	75	1
41	0	75	1
42	3	75	1
43	1	75	1
1	0	76	1
2	0	76	1
3	0	76	1
4	0	76	1
5	1	76	1
6	0	76	1
7	0	76	1
8	0	76	1
9	0	76	1
10	1	76	1
11	0	76	1
12	0	76	1
13	0	76	1
14	4	76	1
15	5	76	1
16	2	76	1
17	7	76	1
18	2	76	1
19	4	76	1
20	1	76	1
21	1	76	1
22	14	76	1
23	8	76	1
24	6	76	1
25	4	76	1
26	4	76	1
27	4	76	1
28	3	76	1
29	5	76	1
30	4	76	1
31	7	76	1
32	5	76	1
33	1	76	1
34	1	76	1
35	1	76	1
36	0	76	1
37	2	76	1
38	2	76	1
39	0	76	1
40	5	76	1
1	0	77	1
2	0	77	1
3	0	77	1
4	0	77	1
5	4	77	1
6	0	77	1
7	0	77	1
8	0	77	1
9	0	77	1
10	3	77	1
11	0	77	1
12	1	77	1
13	0	77	1
14	0	77	1
15	4	77	1
16	1	77	1
17	4	77	1
18	3	77	1
19	2	77	1
20	0	77	1
21	3	77	1
22	9	77	1
23	4	77	1
24	8	77	1
25	6	77	1
26	6	77	1
27	11	77	1
28	4	77	1
29	6	77	1
30	2	77	1
31	5	77	1
32	5	77	1
33	1	77	1
34	0	77	1
35	5	77	1
36	0	77	1
37	4	77	1
38	1	77	1
39	0	77	1
40	1	77	1
41	0	77	1
42	1	77	1
1	0	78	1
2	0	78	1
3	0	78	1
4	0	78	1
5	0	78	1
6	0	78	1
7	0	78	1
8	0	78	1
9	0	78	1
10	2	78	1
11	0	78	1
12	2	78	1
13	0	78	1
14	4	78	1
15	3	78	1
16	6	78	1
17	4	78	1
18	7	78	1
19	2	78	1
20	1	78	1
21	2	78	1
22	8	78	1
23	6	78	1
24	4	78	1
25	5	78	1
26	2	78	1
27	5	78	1
28	4	78	1
29	8	78	1
30	4	78	1
31	7	78	1
32	4	78	1
33	2	78	1
34	1	78	1
35	2	78	1
36	0	78	1
37	1	78	1
38	0	78	1
39	3	78	1
40	3	78	1
41	0	78	1
42	1	78	1
43	1	78	1
1	0	79	1
2	0	79	1
3	0	79	1
4	0	79	1
5	3	79	1
6	0	79	1
7	0	79	1
8	0	79	1
9	0	79	1
10	2	79	1
11	0	79	1
12	1	79	1
13	0	79	1
14	3	79	1
15	0	79	1
16	6	79	1
17	10	79	1
18	3	79	1
19	1	79	1
20	1	79	1
21	2	79	1
22	11	79	1
23	5	79	1
24	7	79	1
25	3	79	1
26	3	79	1
27	7	79	1
28	5	79	1
29	3	79	1
30	4	79	1
31	3	79	1
32	6	79	1
33	2	79	1
34	1	79	1
35	5	79	1
36	0	79	1
37	1	79	1
38	1	79	1
39	1	79	1
40	2	79	1
41	0	79	1
42	1	79	1
43	1	79	1
1	0	80	1
2	0	80	1
3	0	80	1
4	0	80	1
5	4	80	1
6	0	80	1
7	0	80	1
8	0	80	1
9	0	80	1
10	3	80	1
11	0	80	1
12	3	80	1
13	0	80	1
14	5	80	1
15	4	80	1
16	7	80	1
17	2	80	1
18	3	80	1
19	1	80	1
20	2	80	1
21	0	80	1
22	8	80	1
23	7	80	1
24	4	80	1
25	1	80	1
26	5	80	1
27	5	80	1
28	8	80	1
29	8	80	1
30	1	80	1
31	3	80	1
32	2	80	1
33	5	80	1
34	0	80	1
35	2	80	1
36	0	80	1
37	2	80	1
38	0	80	1
39	1	80	1
40	5	80	1
41	0	80	1
42	3	80	1
1	0	81	1
2	0	81	1
3	0	81	1
4	0	81	1
5	1	81	1
6	0	81	1
7	0	81	1
8	0	81	1
9	0	81	1
10	1	81	1
11	0	81	1
12	1	81	1
13	0	81	1
14	5	81	1
15	5	81	1
16	4	81	1
17	3	81	1
18	3	81	1
19	1	81	1
20	1	81	1
21	2	81	1
22	4	81	1
23	8	81	1
24	13	81	1
25	6	81	1
26	5	81	1
27	4	81	1
28	7	81	1
29	8	81	1
30	2	81	1
31	5	81	1
32	2	81	1
33	1	81	1
34	1	81	1
35	1	81	1
36	0	81	1
37	6	81	1
38	1	81	1
39	0	81	1
40	1	81	1
41	0	81	1
42	1	81	1
43	1	81	1
1	0	82	1
2	0	82	1
3	0	82	1
4	0	82	1
5	4	82	1
6	0	82	1
7	0	82	1
8	0	82	1
9	0	82	1
10	1	82	1
11	0	82	1
12	4	82	1
13	0	82	1
14	3	82	1
15	3	82	1
16	2	82	1
17	5	82	1
18	2	82	1
19	2	82	1
20	2	82	1
21	1	82	1
22	13	82	1
23	3	82	1
24	6	82	1
25	3	82	1
26	4	82	1
27	12	82	1
28	7	82	1
29	4	82	1
30	5	82	1
31	3	82	1
32	4	82	1
33	0	82	1
34	1	82	1
35	3	82	1
36	0	82	1
37	2	82	1
38	0	82	1
39	2	82	1
40	1	82	1
41	0	82	1
42	0	82	1
43	2	82	1
1	0	83	1
2	0	83	1
3	0	83	1
4	0	83	1
5	3	83	1
6	0	83	1
7	0	83	1
8	0	83	1
9	0	83	1
10	2	83	1
11	0	83	1
12	0	83	1
13	0	83	1
14	6	83	1
15	3	83	1
16	2	83	1
17	11	83	1
18	2	83	1
19	0	83	1
20	2	83	1
21	0	83	1
22	6	83	1
23	7	83	1
24	10	83	1
25	5	83	1
26	7	83	1
27	7	83	1
28	6	83	1
29	3	83	1
30	4	83	1
31	1	83	1
32	7	83	1
33	1	83	1
34	0	83	1
35	0	83	1
36	0	83	1
37	1	83	1
38	1	83	1
39	1	83	1
40	2	83	1
41	0	83	1
42	3	83	1
43	1	83	1
1	0	84	1
2	0	84	1
3	0	84	1
4	0	84	1
5	2	84	1
6	0	84	1
7	0	84	1
8	0	84	1
9	0	84	1
10	1	84	1
11	0	84	1
12	1	84	1
13	0	84	1
14	1	84	1
15	2	84	1
16	4	84	1
17	9	84	1
18	7	84	1
19	1	84	1
20	2	84	1
21	4	84	1
22	9	84	1
23	2	84	1
24	8	84	1
25	5	84	1
26	6	84	1
27	4	84	1
28	4	84	1
29	10	84	1
30	2	84	1
31	1	84	1
32	4	84	1
33	2	84	1
34	1	84	1
35	1	84	1
36	0	84	1
37	4	84	1
38	0	84	1
39	0	84	1
40	6	84	1
41	0	84	1
42	0	84	1
43	1	84	1
1	0	85	1
2	0	85	1
3	0	85	1
4	0	85	1
5	3	85	1
6	0	85	1
7	0	85	1
8	0	85	1
9	0	85	1
10	2	85	1
11	0	85	1
12	2	85	1
13	0	85	1
14	2	85	1
15	2	85	1
16	2	85	1
17	4	85	1
18	5	85	1
19	0	85	1
20	4	85	1
21	1	85	1
22	4	85	1
23	5	85	1
24	9	85	1
25	4	85	1
26	7	85	1
27	4	85	1
28	4	85	1
29	10	85	1
30	3	85	1
31	2	85	1
32	5	85	1
33	1	85	1
34	1	85	1
35	1	85	1
36	0	85	1
37	4	85	1
38	0	85	1
39	0	85	1
40	7	85	1
41	0	85	1
42	2	85	1
43	4	85	1
1	0	86	1
2	0	86	1
3	0	86	1
4	0	86	1
5	1	86	1
6	0	86	1
7	0	86	1
8	0	86	1
9	0	86	1
10	3	86	1
11	0	86	1
12	1	86	1
13	0	86	1
14	0	86	1
15	2	86	1
16	2	86	1
17	5	86	1
18	3	86	1
19	5	86	1
20	3	86	1
21	1	86	1
22	8	86	1
23	6	86	1
24	8	86	1
25	6	86	1
26	4	86	1
27	5	86	1
28	1	86	1
29	13	86	1
30	6	86	1
31	5	86	1
32	5	86	1
33	1	86	1
34	2	86	1
35	3	86	1
36	0	86	1
37	0	86	1
38	0	86	1
39	0	86	1
40	3	86	1
41	0	86	1
42	2	86	1
1	0	87	1
2	0	87	1
3	0	87	1
4	0	87	1
5	4	87	1
6	0	87	1
7	0	87	1
8	0	87	1
9	0	87	1
10	1	87	1
11	0	87	1
12	1	87	1
13	0	87	1
14	3	87	1
15	3	87	1
16	5	87	1
17	4	87	1
18	5	87	1
19	5	87	1
20	3	87	1
21	2	87	1
22	11	87	1
23	2	87	1
24	11	87	1
25	4	87	1
26	5	87	1
27	5	87	1
28	6	87	1
29	4	87	1
30	4	87	1
31	3	87	1
32	2	87	1
33	0	87	1
34	2	87	1
35	1	87	1
36	0	87	1
37	2	87	1
38	0	87	1
39	1	87	1
40	4	87	1
41	0	87	1
42	0	87	1
43	1	87	1
1	0	88	1
2	0	88	1
3	0	88	1
4	0	88	1
5	1	88	1
6	0	88	1
7	0	88	1
8	0	88	1
9	0	88	1
10	1	88	1
11	0	88	1
12	2	88	1
13	0	88	1
14	4	88	1
15	5	88	1
16	2	88	1
17	9	88	1
18	1	88	1
19	1	88	1
20	2	88	1
21	1	88	1
22	8	88	1
23	7	88	1
24	6	88	1
25	2	88	1
26	6	88	1
27	5	88	1
28	3	88	1
29	11	88	1
30	2	88	1
31	3	88	1
32	6	88	1
33	2	88	1
34	1	88	1
35	1	88	1
36	0	88	1
37	6	88	1
38	0	88	1
39	1	88	1
40	2	88	1
41	0	88	1
42	3	88	1
1	0	89	1
2	0	89	1
3	0	89	1
4	0	89	1
5	0	89	1
6	0	89	1
7	0	89	1
8	0	89	1
9	0	89	1
10	1	89	1
11	0	89	1
12	3	89	1
13	0	89	1
14	6	89	1
15	5	89	1
16	6	89	1
17	5	89	1
18	7	89	1
19	1	89	1
20	1	89	1
21	3	89	1
22	10	89	1
23	5	89	1
24	3	89	1
25	0	89	1
26	4	89	1
27	9	89	1
28	5	89	1
29	3	89	1
30	2	89	1
31	3	89	1
32	4	89	1
33	3	89	1
34	1	89	1
35	2	89	1
36	0	89	1
37	3	89	1
38	0	89	1
39	3	89	1
40	2	89	1
41	0	89	1
42	1	89	1
43	3	89	1
1	0	90	1
2	0	90	1
3	0	90	1
4	0	90	1
5	4	90	1
6	0	90	1
7	0	90	1
8	0	90	1
9	0	90	1
10	2	90	1
11	0	90	1
12	4	90	1
13	0	90	1
14	5	90	1
15	8	90	1
16	4	90	1
17	2	90	1
18	2	90	1
19	4	90	1
20	1	90	1
21	0	90	1
22	6	90	1
23	6	90	1
24	3	90	1
25	4	90	1
26	3	90	1
27	4	90	1
28	4	90	1
29	10	90	1
30	5	90	1
31	4	90	1
32	6	90	1
33	1	90	1
34	0	90	1
35	0	90	1
36	0	90	1
37	4	90	1
38	0	90	1
39	2	90	1
40	3	90	1
41	0	90	1
42	2	90	1
43	1	90	1
1	0	91	1
2	0	91	1
3	0	91	1
4	0	91	1
5	3	91	1
6	0	91	1
7	0	91	1
8	0	91	1
9	0	91	1
10	1	91	1
11	0	91	1
12	4	91	1
13	0	91	1
14	2	91	1
15	3	91	1
16	4	91	1
17	5	91	1
18	5	91	1
19	1	91	1
20	1	91	1
21	1	91	1
22	8	91	1
23	7	91	1
24	4	91	1
25	1	91	1
26	5	91	1
27	5	91	1
28	6	91	1
29	10	91	1
30	4	91	1
31	4	91	1
32	4	91	1
33	5	91	1
34	3	91	1
35	1	91	1
36	0	91	1
37	3	91	1
38	0	91	1
39	0	91	1
40	1	91	1
41	0	91	1
42	2	91	1
43	1	91	1
1	0	92	1
2	0	92	1
3	0	92	1
4	0	92	1
5	2	92	1
6	0	92	1
7	0	92	1
8	0	92	1
9	0	92	1
10	3	92	1
11	0	92	1
12	1	92	1
13	0	92	1
14	0	92	1
15	3	92	1
16	5	92	1
17	6	92	1
18	3	92	1
19	2	92	1
20	0	92	1
21	1	92	1
22	7	92	1
23	1	92	1
24	6	92	1
25	7	92	1
26	3	92	1
27	8	92	1
28	5	92	1
29	7	92	1
30	1	92	1
31	1	92	1
32	7	92	1
33	0	92	1
34	0	92	1
35	5	92	1
36	0	92	1
37	7	92	1
38	0	92	1
39	4	92	1
40	5	92	1
41	0	92	1
42	2	92	1
43	2	92	1
1	0	93	1
2	0	93	1
3	0	93	1
4	0	93	1
5	1	93	1
6	0	93	1
7	0	93	1
8	0	93	1
9	0	93	1
10	3	93	1
11	0	93	1
12	2	93	1
13	0	93	1
14	1	93	1
15	5	93	1
16	2	93	1
17	5	93	1
18	1	93	1
19	4	93	1
20	1	93	1
21	4	93	1
22	11	93	1
23	1	93	1
24	7	93	1
25	5	93	1
26	3	93	1
27	9	93	1
28	3	93	1
29	7	93	1
30	4	93	1
31	2	93	1
32	4	93	1
33	2	93	1
34	0	93	1
35	2	93	1
36	0	93	1
37	2	93	1
38	1	93	1
39	3	93	1
40	5	93	1
41	0	93	1
42	3	93	1
43	1	93	1
1	0	94	1
2	0	94	1
3	0	94	1
4	0	94	1
5	5	94	1
6	0	94	1
7	0	94	1
8	0	94	1
9	0	94	1
10	2	94	1
11	0	94	1
12	1	94	1
13	0	94	1
14	6	94	1
15	5	94	1
16	1	94	1
17	4	94	1
18	0	94	1
19	2	94	1
20	0	94	1
21	4	94	1
22	8	94	1
23	4	94	1
24	4	94	1
25	7	94	1
26	4	94	1
27	4	94	1
28	2	94	1
29	9	94	1
30	3	94	1
31	3	94	1
32	3	94	1
33	0	94	1
34	3	94	1
35	2	94	1
36	0	94	1
37	8	94	1
38	0	94	1
39	1	94	1
40	2	94	1
41	0	94	1
42	4	94	1
43	3	94	1
1	0	95	1
2	0	95	1
3	0	95	1
4	0	95	1
5	2	95	1
6	0	95	1
7	0	95	1
8	0	95	1
9	0	95	1
10	1	95	1
11	0	95	1
12	2	95	1
13	0	95	1
14	1	95	1
15	5	95	1
16	7	95	1
17	4	95	1
18	0	95	1
19	6	95	1
20	1	95	1
21	2	95	1
22	8	95	1
23	3	95	1
24	8	95	1
25	3	95	1
26	3	95	1
27	5	95	1
28	7	95	1
29	8	95	1
30	4	95	1
31	4	95	1
32	4	95	1
33	2	95	1
34	1	95	1
35	2	95	1
36	0	95	1
37	3	95	1
38	0	95	1
39	1	95	1
40	6	95	1
41	0	95	1
42	0	95	1
43	1	95	1
1	0	96	1
2	0	96	1
3	0	96	1
4	0	96	1
5	1	96	1
6	0	96	1
7	0	96	1
8	0	96	1
9	0	96	1
10	2	96	1
11	0	96	1
12	3	96	1
13	0	96	1
14	1	96	1
15	4	96	1
16	4	96	1
17	5	96	1
18	4	96	1
19	3	96	1
20	1	96	1
21	4	96	1
22	5	96	1
23	3	96	1
24	6	96	1
25	8	96	1
26	4	96	1
27	3	96	1
28	5	96	1
29	15	96	1
30	0	96	1
31	4	96	1
32	3	96	1
33	3	96	1
34	2	96	1
35	2	96	1
36	0	96	1
37	0	96	1
38	1	96	1
39	3	96	1
40	4	96	1
41	0	96	1
42	1	96	1
1	0	97	1
2	0	97	1
3	0	97	1
4	0	97	1
5	0	97	1
6	0	97	1
7	0	97	1
8	0	97	1
9	0	97	1
10	2	97	1
11	0	97	1
12	2	97	1
13	0	97	1
14	3	97	1
15	1	97	1
16	3	97	1
17	8	97	1
18	5	97	1
19	0	97	1
20	2	97	1
21	1	97	1
22	10	97	1
23	10	97	1
24	7	97	1
25	3	97	1
26	3	97	1
27	3	97	1
28	2	97	1
29	6	97	1
30	5	97	1
31	1	97	1
32	5	97	1
33	7	97	1
34	2	97	1
35	2	97	1
36	0	97	1
37	1	97	1
38	0	97	1
39	1	97	1
40	2	97	1
41	0	97	1
42	3	97	1
43	4	97	1
1	0	98	1
2	0	98	1
3	0	98	1
4	0	98	1
5	1	98	1
6	0	98	1
7	0	98	1
8	0	98	1
9	0	98	1
10	1	98	1
11	0	98	1
12	3	98	1
13	0	98	1
14	2	98	1
15	4	98	1
16	5	98	1
17	5	98	1
18	4	98	1
19	3	98	1
20	1	98	1
21	4	98	1
22	7	98	1
23	6	98	1
24	9	98	1
25	4	98	1
26	4	98	1
27	7	98	1
28	2	98	1
29	6	98	1
30	4	98	1
31	3	98	1
32	4	98	1
33	2	98	1
34	2	98	1
35	1	98	1
36	0	98	1
37	4	98	1
38	1	98	1
39	0	98	1
40	2	98	1
41	0	98	1
42	2	98	1
43	1	98	1
1	0	99	1
2	0	99	1
3	0	99	1
4	0	99	1
5	1	99	1
6	0	99	1
7	0	99	1
8	0	99	1
9	0	99	1
10	0	99	1
11	0	99	1
12	1	99	1
13	0	99	1
14	4	99	1
15	2	99	1
16	5	99	1
17	5	99	1
18	5	99	1
19	3	99	1
20	0	99	1
21	4	99	1
22	6	99	1
23	2	99	1
24	9	99	1
25	6	99	1
26	8	99	1
27	8	99	1
28	5	99	1
29	10	99	1
30	1	99	1
31	1	99	1
32	7	99	1
33	2	99	1
34	0	99	1
35	1	99	1
36	0	99	1
37	0	99	1
38	3	99	1
39	1	99	1
40	3	99	1
41	0	99	1
42	1	99	1
1	0	100	1
2	0	100	1
3	0	100	1
4	0	100	1
5	1	100	1
6	0	100	1
7	0	100	1
8	0	100	1
9	0	100	1
10	0	100	1
11	0	100	1
12	4	100	1
13	0	100	1
14	0	100	1
15	5	100	1
16	4	100	1
17	8	100	1
18	5	100	1
19	0	100	1
20	1	100	1
21	2	100	1
22	8	100	1
23	7	100	1
24	12	100	1
25	2	100	1
26	2	100	1
27	7	100	1
28	8	100	1
29	3	100	1
30	5	100	1
31	2	100	1
32	5	100	1
33	1	100	1
34	3	100	1
35	1	100	1
36	0	100	1
37	2	100	1
38	2	100	1
39	1	100	1
40	3	100	1
1	0	101	1
2	0	101	1
3	0	101	1
4	0	101	1
5	3	101	1
6	0	101	1
7	0	101	1
8	0	101	1
9	0	101	1
10	1	101	1
11	0	101	1
12	2	101	1
13	0	101	1
14	5	101	1
15	6	101	1
16	1	101	1
17	6	101	1
18	5	101	1
19	2	101	1
20	1	101	1
21	1	101	1
22	11	101	1
23	4	101	1
24	6	101	1
25	5	101	1
26	1	101	1
27	3	101	1
28	2	101	1
29	10	101	1
30	3	101	1
31	8	101	1
32	3	101	1
33	2	101	1
34	0	101	1
35	3	101	1
36	0	101	1
37	2	101	1
38	1	101	1
39	2	101	1
40	4	101	1
41	0	101	1
42	1	101	1
1	0	102	1
2	0	102	1
3	0	102	1
4	0	102	1
5	0	102	1
6	0	102	1
7	0	102	1
8	0	102	1
9	0	102	1
10	1	102	1
11	0	102	1
12	1	102	1
13	0	102	1
14	4	102	1
15	5	102	1
16	2	102	1
17	5	102	1
18	6	102	1
19	3	102	1
20	0	102	1
21	1	102	1
22	9	102	1
23	7	102	1
24	4	102	1
25	7	102	1
26	5	102	1
27	4	102	1
28	7	102	1
29	9	102	1
30	1	102	1
31	2	102	1
32	7	102	1
33	0	102	1
34	0	102	1
35	2	102	1
36	0	102	1
37	2	102	1
38	3	102	1
39	1	102	1
40	4	102	1
41	0	102	1
42	2	102	1
1	0	103	1
2	0	103	1
3	0	103	1
4	0	103	1
5	2	103	1
6	0	103	1
7	0	103	1
8	0	103	1
9	0	103	1
10	0	103	1
11	0	103	1
12	2	103	1
13	0	103	1
14	3	103	1
15	6	103	1
16	3	103	1
17	7	103	1
18	3	103	1
19	2	103	1
20	1	103	1
21	2	103	1
22	11	103	1
23	7	103	1
24	12	103	1
25	3	103	1
26	2	103	1
27	5	103	1
28	4	103	1
29	9	103	1
30	2	103	1
31	3	103	1
32	5	103	1
33	1	103	1
34	2	103	1
35	2	103	1
36	0	103	1
37	0	103	1
38	1	103	1
39	0	103	1
40	3	103	1
41	0	103	1
42	1	103	1
1	0	104	1
2	0	104	1
3	0	104	1
4	0	104	1
5	4	104	1
6	0	104	1
7	0	104	1
8	0	104	1
9	0	104	1
10	0	104	1
11	0	104	1
12	1	104	1
13	0	104	1
14	4	104	1
15	3	104	1
16	4	104	1
17	6	104	1
18	5	104	1
19	2	104	1
20	3	104	1
21	2	104	1
22	11	104	1
23	1	104	1
24	7	104	1
25	3	104	1
26	3	104	1
27	4	104	1
28	7	104	1
29	5	104	1
30	5	104	1
31	1	104	1
32	6	104	1
33	2	104	1
34	0	104	1
35	3	104	1
36	0	104	1
37	4	104	1
38	1	104	1
39	0	104	1
40	5	104	1
41	0	104	1
42	1	104	1
43	1	104	1
1	0	105	1
2	0	105	1
3	0	105	1
4	0	105	1
5	0	105	1
6	0	105	1
7	0	105	1
8	0	105	1
9	0	105	1
10	1	105	1
11	0	105	1
12	2	105	1
13	0	105	1
14	2	105	1
15	4	105	1
16	3	105	1
17	6	105	1
18	3	105	1
19	5	105	1
20	3	105	1
21	3	105	1
22	6	105	1
23	1	105	1
24	10	105	1
25	1	105	1
26	4	105	1
27	11	105	1
28	5	105	1
29	12	105	1
30	2	105	1
31	1	105	1
32	9	105	1
33	1	105	1
34	0	105	1
35	0	105	1
36	0	105	1
37	3	105	1
38	1	105	1
39	1	105	1
40	0	105	1
41	0	105	1
42	3	105	1
43	1	105	1
-1
