1	0	1	1
2	0	1	1
3	0	1	1
4	0	1	1
5	0	1	1
6	0	1	1
7	0	1	1
8	0	1	1
9	0	1	1
10	0	1	1
11	0	1	1
12	0	1	1
13	0	1	1
14	1	1	1
15	2	1	1
16	0	1	1
17	0	1	1
18	3	1	1
19	1	1	1
20	1	1	1
21	0	1	1
22	0	1	1
23	2	1	1
24	4	1	1
25	4	1	1
26	1	1	1
27	3	1	1
28	2	1	1
29	7	1	1
30	2	1	1
31	3	1	1
32	3	1	1
33	3	1	1
34	8	1	1
35	10	1	1
36	8	1	1
37	8	1	1
38	5	1	1
39	10	1	1
40	9	1	1
41	5	1	1
42	7	1	1
43	0	1	1
44	4	1	1
45	6	1	1
46	3	1	1
47	1	1	1
48	0	1	1
49	2	1	1
50	0	1	1
51	0	1	1
52	0	1	1
53	0	1	1
54	0	1	1
55	1	1	1
1	0	2	1
2	0	2	1
3	0	2	1
4	0	2	1
5	0	2	1
6	0	2	1
7	0	2	1
8	0	2	1
9	0	2	1
10	0	2	1
11	2	2	1
12	0	2	1
13	0	2	1
14	1	2	1
15	3	2	1
16	0	2	1
17	0	2	1
18	6	2	1
19	0	2	1
20	1	2	1
21	0	2	1
22	0	2	1
23	0	2	1
24	6	2	1
25	4	2	1
26	5	2	1
27	1	2	1
28	5	2	1
29	2	2	1
30	5	2	1
31	4	2	1
32	5	2	1
33	6	2	1
34	7	2	1
35	2	2	1
36	9	2	1
37	5	2	1
38	6	2	1
39	8	2	1
40	9	2	1
41	7	2	1
42	4	2	1
43	1	2	1
44	8	2	1
45	1	2	1
46	0	2	1
47	3	2	1
48	2	2	1
49	1	2	1
1	0	3	1
2	0	3	1
3	0	3	1
4	0	3	1
5	0	3	1
6	0	3	1
7	0	3	1
8	0	3	1
9	0	3	1
10	0	3	1
11	2	3	1
12	0	3	1
13	0	3	1
14	2	3	1
15	3	3	1
16	0	3	1
17	0	3	1
18	2	3	1
19	1	3	1
20	1	3	1
21	0	3	1
22	0	3	1
23	2	3	1
24	4	3	1
25	3	3	1
26	2	3	1
27	3	3	1
28	3	3	1
29	5	3	1
30	2	3	1
31	3	3	1
32	4	3	1
33	3	3	1
34	6	3	1
35	6	3	1
36	10	3	1
37	15	3	1
38	0	3	1
39	4	3	1
40	10	3	1
41	4	3	1
42	3	3	1
43	6	3	1
44	4	3	1
45	5	3	1
46	3	3	1
47	2	3	1
48	2	3	1
49	4	3	1
1	0	4	1
2	0	4	1
3	0	4	1
4	0	4	1
5	0	4	1
6	0	4	1
7	0	4	1
8	0	4	1
9	0	4	1
10	0	4	1
11	1	4	1
12	0	4	1
13	0	4	1
14	3	4	1
15	4	4	1
16	0	4	1
17	0	4	1
18	6	4	1
19	0	4	1
20	1	4	1
21	0	4	1
22	0	4	1
23	5	4	1
24	6	4	1
25	1	4	1
26	0	4	1
27	4	4	1
28	2	4	1
29	3	4	1
30	3	4	1
31	3	4	1
32	5	4	1
33	3	4	1
34	9	4	1
35	4	4	1
36	9	4	1
37	10	4	1
38	2	4	1
39	9	4	1
40	4	4	1
41	6	4	1
42	4	4	1
43	3	4	1
44	2	4	1
45	1	4	1
46	1	4	1
47	8	4	1
48	3	4	1
49	2	4	1
50	0	4	1
51	0	4	1
52	0	4	1
53	0	4	1
54	0	4	1
55	2	4	1
1	0	5	1
2	0	5	1
3	0	5	1
4	0	5	1
5	0	5	1
6	0	5	1
7	0	5	1
8	0	5	1
9	0	5	1
10	0	5	1
11	2	5	1
12	0	5	1
13	0	5	1
14	3	5	1
15	3	5	1
16	0	5	1
17	0	5	1
18	5	5	1
19	1	5	1
20	0	5	1
21	0	5	1
22	0	5	1
23	1	5	1
24	7	5	1
25	3	5	1
26	2	5	1
27	6	5	1
28	4	5	1
29	7	5	1
30	4	5	1
31	1	5	1
32	3	5	1
33	1	5	1
34	8	5	1
35	7	5	1
36	3	5	1
37	6	5	1
38	7	5	1
39	10	5	1
40	11	5	1
41	4	5	1
42	5	5	1
43	1	5	1
44	2	5	1
45	7	5	1
46	0	5	1
47	3	5	1
48	0	5	1
49	0	5	1
50	0	5	1
51	0	5	1
52	0	5	1
53	0	5	1
54	0	5	1
55	2	5	1
1	0	6	1
2	0	6	1
3	0	6	1
4	0	6	1
5	0	6	1
6	0	6	1
7	0	6	1
8	0	6	1
9	0	6	1
10	0	6	1
11	0	6	1
12	0	6	1
13	0	6	1
14	2	6	1
15	7	6	1
16	0	6	1
17	0	6	1
18	3	6	1
19	2	6	1
20	2	6	1
21	0	6	1
22	0	6	1
23	3	6	1
24	6	6	1
25	1	6	1
26	2	6	1
27	1	6	1
28	1	6	1
29	5	6	1
30	5	6	1
31	2	6	1
32	1	6	1
33	2	6	1
34	7	6	1
35	8	6	1
36	10	6	1
37	12	6	1
38	1	6	1
39	8	6	1
40	10	6	1
41	4	6	1
42	4	6	1
43	3	6	1
44	8	6	1
45	4	6	1
46	0	6	1
47	2	6	1
48	1	6	1
49	1	6	1
50	0	6	1
51	0	6	1
52	0	6	1
53	0	6	1
54	0	6	1
55	1	6	1
1	0	7	1
2	0	7	1
3	0	7	1
4	0	7	1
5	0	7	1
6	0	7	1
7	0	7	1
8	0	7	1
9	0	7	1
10	0	7	1
11	1	7	1
12	0	7	1
13	0	7	1
14	2	7	1
15	1	7	1
16	0	7	1
17	0	7	1
18	4	7	1
19	1	7	1
20	1	7	1
21	0	7	1
22	0	7	1
23	2	7	1
24	4	7	1
25	2	7	1
26	3	7	1
27	2	7	1
28	2	7	1
29	3	7	1
30	1	7	1
31	3	7	1
32	4	7	1
33	5	7	1
34	5	7	1
35	6	7	1
36	11	7	1
37	11	7	1
38	5	7	1
39	7	7	1
40	7	7	1
41	6	7	1
42	5	7	1
43	4	7	1
44	5	7	1
45	8	7	1
46	2	7	1
47	3	7	1
48	2	7	1
49	1	7	1
1	0	8	1
2	0	8	1
3	0	8	1
4	0	8	1
5	0	8	1
6	0	8	1
7	0	8	1
8	0	8	1
9	0	8	1
10	0	8	1
11	0	8	1
12	0	8	1
13	0	8	1
14	1	8	1
15	4	8	1
16	0	8	1
17	0	8	1
18	6	8	1
19	0	8	1
20	0	8	1
21	0	8	1
22	0	8	1
23	4	8	1
24	8	8	1
25	3	8	1
26	0	8	1
27	3	8	1
28	5	8	1
29	5	8	1
30	1	8	1
31	4	8	1
32	3	8	1
33	2	8	1
34	11	8	1
35	7	8	1
36	8	8	1
37	12	8	1
38	3	8	1
39	7	8	1
40	3	8	1
41	3	8	1
42	9	8	1
43	2	8	1
44	3	8	1
45	6	8	1
46	1	8	1
47	2	8	1
48	0	8	1
49	2	8	1
50	0	8	1
51	0	8	1
52	0	8	1
53	0	8	1
54	0	8	1
55	1	8	1
1	0	9	1
2	0	9	1
3	0	9	1
4	0	9	1
5	0	9	1
6	0	9	1
7	0	9	1
8	0	9	1
9	0	9	1
10	0	9	1
11	1	9	1
12	0	9	1
13	0	9	1
14	3	9	1
15	3	9	1
16	0	9	1
17	0	9	1
18	3	9	1
19	1	9	1
20	1	9	1
21	0	9	1
22	0	9	1
23	2	9	1
24	6	9	1
25	1	9	1
26	4	9	1
27	2	9	1
28	3	9	1
29	8	9	1
30	2	9	1
31	5	9	1
32	5	9	1
33	3	9	1
34	4	9	1
35	5	9	1
36	5	9	1
37	14	9	1
38	6	9	1
39	7	9	1
40	5	9	1
41	1	9	1
42	6	9	1
43	4	9	1
44	6	9	1
45	3	9	1
46	1	9	1
47	3	9	1
48	2	9	1
49	1	9	1
50	0	9	1
51	0	9	1
52	0	9	1
53	0	9	1
54	0	9	1
55	3	9	1
1	0	10	1
2	0	10	1
3	0	10	1
4	0	10	1
5	0	10	1
6	0	10	1
7	0	10	1
8	0	10	1
9	0	10	1
10	0	10	1
11	2	10	1
12	0	10	1
13	0	10	1
14	1	10	1
15	2	10	1
16	0	10	1
17	0	10	1
18	4	10	1
19	2	10	1
20	2	10	1
21	0	10	1
22	0	10	1
23	1	10	1
24	6	10	1
25	1	10	1
26	3	10	1
27	2	10	1
28	2	10	1
29	4	10	1
30	4	10	1
31	5	10	1
32	5	10	1
33	1	10	1
34	5	10	1
35	11	10	1
36	4	10	1
37	14	10	1
38	5	10	1
39	8	10	1
40	4	10	1
41	3	10	1
42	8	10	1
43	2	10	1
44	3	10	1
45	5	10	1
46	4	10	1
47	6	10	1
1	0	11	1
2	0	11	1
3	0	11	1
4	0	11	1
5	0	11	1
6	0	11	1
7	0	11	1
8	0	11	1
9	0	11	1
10	0	11	1
11	1	11	1
12	0	11	1
13	0	11	1
14	2	11	1
15	4	11	1
16	0	11	1
17	0	11	1
18	1	11	1
19	1	11	1
20	1	11	1
21	0	11	1
22	0	11	1
23	6	11	1
24	4	11	1
25	5	11	1
26	1	11	1
27	6	11	1
28	1	11	1
29	4	11	1
30	3	11	1
31	5	11	1
32	2	11	1
33	2	11	1
34	5	11	1
35	5	11	1
36	3	11	1
37	12	11	1
38	1	11	1
39	11	11	1
40	8	11	1
41	6	11	1
42	4	11	1
43	2	11	1
44	10	11	1
45	5	11	1
46	1	11	1
47	3	11	1
48	1	11	1
49	1	11	1
50	0	11	1
51	0	11	1
52	0	11	1
53	0	11	1
54	0	11	1
55	2	11	1
1	0	12	1
2	0	12	1
3	0	12	1
4	0	12	1
5	0	12	1
6	0	12	1
7	0	12	1
8	0	12	1
9	0	12	1
10	0	12	1
11	0	12	1
12	0	12	1
13	0	12	1
14	1	12	1
15	2	12	1
16	0	12	1
17	0	12	1
18	2	12	1
19	1	12	1
20	3	12	1
21	0	12	1
22	0	12	1
23	4	12	1
24	5	12	1
25	4	12	1
26	1	12	1
27	4	12	1
28	2	12	1
29	4	12	1
30	3	12	1
31	5	12	1
32	3	12	1
33	4	12	1
34	3	12	1
35	6	12	1
36	9	12	1
37	12	12	1
38	4	12	1
39	9	12	1
40	5	12	1
41	3	12	1
42	5	12	1
43	5	12	1
44	4	12	1
45	6	12	1
46	3	12	1
47	1	12	1
48	1	12	1
49	3	12	1
50	0	12	1
51	0	12	1
52	0	12	1
53	0	12	1
54	0	12	1
55	2	12	1
1	0	13	1
2	0	13	1
3	0	13	1
4	0	13	1
5	0	13	1
6	0	13	1
7	0	13	1
8	0	13	1
9	0	13	1
10	0	13	1
11	2	13	1
12	0	13	1
13	0	13	1
14	4	13	1
15	6	13	1
16	0	13	1
17	0	13	1
18	2	13	1
19	1	13	1
20	1	13	1
21	0	13	1
22	0	13	1
23	4	13	1
24	5	13	1
25	1	13	1
26	3	13	1
27	2	13	1
28	1	13	1
29	2	13	1
30	3	13	1
31	3	13	1
32	4	13	1
33	2	13	1
34	6	13	1
35	3	13	1
36	8	13	1
37	10	13	1
38	6	13	1
39	13	13	1
40	8	13	1
41	8	13	1
42	5	13	1
43	3	13	1
44	7	13	1
45	3	13	1
46	0	13	1
47	1	13	1
48	2	13	1
1	0	14	1
2	0	14	1
3	0	14	1
4	0	14	1
5	0	14	1
6	0	14	1
7	0	14	1
8	0	14	1
9	0	14	1
10	0	14	1
11	0	14	1
12	0	14	1
13	0	14	1
14	1	14	1
15	1	14	1
16	0	14	1
17	0	14	1
18	5	14	1
19	1	14	1
20	2	14	1
21	0	14	1
22	0	14	1
23	5	14	1
24	4	14	1
25	2	14	1
26	3	14	1
27	5	14	1
28	5	14	1
29	2	14	1
30	4	14	1
31	3	14	1
32	1	14	1
33	5	14	1
34	7	14	1
35	12	14	1
36	5	14	1
37	9	14	1
38	2	14	1
39	13	14	1
40	3	14	1
41	3	14	1
42	2	14	1
43	6	14	1
44	3	14	1
45	4	14	1
46	2	14	1
47	2	14	1
48	2	14	1
49	4	14	1
50	0	14	1
51	0	14	1
52	0	14	1
53	0	14	1
54	0	14	1
55	1	14	1
1	0	15	1
2	0	15	1
3	0	15	1
4	0	15	1
5	0	15	1
6	0	15	1
7	0	15	1
8	0	15	1
9	0	15	1
10	0	15	1
11	2	15	1
12	0	15	1
13	0	15	1
14	0	15	1
15	5	15	1
16	0	15	1
17	0	15	1
18	2	15	1
19	1	15	1
20	3	15	1
21	0	15	1
22	0	15	1
23	3	15	1
24	6	15	1
25	5	15	1
26	1	15	1
27	6	15	1
28	5	15	1
29	2	15	1
30	6	15	1
31	3	15	1
32	7	15	1
33	1	15	1
34	11	15	1
35	2	15	1
36	7	15	1
37	6	15	1
38	4	15	1
39	13	15	1
40	5	15	1
41	1	15	1
42	4	15	1
43	1	15	1
44	5	15	1
45	4	15	1
46	2	15	1
47	2	15	1
48	0	15	1
49	1	15	1
50	0	15	1
51	0	15	1
52	0	15	1
53	0	15	1
54	0	15	1
55	3	15	1
1	0	16	1
2	0	16	1
3	0	16	1
4	0	16	1
5	0	16	1
6	0	16	1
7	0	16	1
8	0	16	1
9	0	16	1
10	0	16	1
11	1	16	1
12	0	16	1
13	0	16	1
14	1	16	1
15	3	16	1
16	0	16	1
17	0	16	1
18	3	16	1
19	1	16	1
20	0	16	1
21	0	16	1
22	0	16	1
23	2	16	1
24	4	16	1
25	7	16	1
26	1	16	1
27	4	16	1
28	7	16	1
29	4	16	1
30	1	16	1
31	4	16	1
32	2	16	1
33	3	16	1
34	12	16	1
35	9	16	1
36	5	16	1
37	5	16	1
38	2	16	1
39	16	16	1
40	6	16	1
41	2	16	1
42	6	16	1
43	2	16	1
44	3	16	1
45	5	16	1
46	2	16	1
47	1	16	1
48	2	16	1
49	2	16	1
50	0	16	1
51	0	16	1
52	0	16	1
53	0	16	1
54	0	16	1
55	1	16	1
1	0	17	1
2	0	17	1
3	0	17	1
4	0	17	1
5	0	17	1
6	0	17	1
7	0	17	1
8	0	17	1
9	0	17	1
10	0	17	1
11	0	17	1
12	0	17	1
13	0	17	1
14	2	17	1
15	1	17	1
16	0	17	1
17	0	17	1
18	2	17	1
19	0	17	1
20	1	17	1
21	0	17	1
22	0	17	1
23	1	17	1
24	10	17	1
25	4	17	1
26	3	17	1
27	2	17	1
28	3	17	1
29	2	17	1
30	4	17	1
31	2	17	1
32	6	17	1
33	2	17	1
34	8	17	1
35	7	17	1
36	5	17	1
37	7	17	1
38	5	17	1
39	10	17	1
40	13	17	1
41	1	17	1
42	1	17	1
43	5	17	1
44	8	17	1
45	4	17	1
46	2	17	1
47	6	17	1
48	1	17	1
49	1	17	1
1	0	18	1
2	0	18	1
3	0	18	1
4	0	18	1
5	0	18	1
6	0	18	1
7	0	18	1
8	0	18	1
9	0	18	1
10	0	18	1
11	1	18	1
12	0	18	1
13	0	18	1
14	2	18	1
15	5	18	1
16	0	18	1
17	0	18	1
18	4	18	1
19	0	18	1
20	0	18	1
21	0	18	1
22	0	18	1
23	3	18	1
24	5	18	1
25	4	18	1
26	2	18	1
27	5	18	1
28	4	18	1
29	3	18	1
30	3	18	1
31	6	18	1
32	4	18	1
33	4	18	1
34	6	18	1
35	6	18	1
36	5	18	1
37	13	18	1
38	3	18	1
39	8	18	1
40	2	18	1
41	3	18	1
42	3	18	1
43	4	18	1
44	6	18	1
45	5	18	1
46	3	18	1
47	4	18	1
48	0	18	1
49	1	18	1
50	0	18	1
51	0	18	1
52	0	18	1
53	0	18	1
54	0	18	1
55	2	18	1
1	0	19	1
2	0	19	1
3	0	19	1
4	0	19	1
5	0	19	1
6	0	19	1
7	0	19	1
8	0	19	1
9	0	19	1
10	0	19	1
11	2	19	1
12	0	19	1
13	0	19	1
14	3	19	1
15	2	19	1
16	0	19	1
17	0	19	1
18	0	19	1
19	3	19	1
20	0	19	1
21	0	19	1
22	0	19	1
23	2	19	1
24	8	19	1
25	4	19	1
26	2	19	1
27	3	19	1
28	2	19	1
29	3	19	1
30	3	19	1
31	3	19	1
32	5	19	1
33	3	19	1
34	8	19	1
35	4	19	1
36	5	19	1
37	10	19	1
38	2	19	1
39	9	19	1
40	10	19	1
41	4	19	1
42	7	19	1
43	4	19	1
44	7	19	1
45	3	19	1
46	3	19	1
47	1	19	1
48	1	19	1
49	1	19	1
50	0	19	1
51	0	19	1
52	0	19	1
53	0	19	1
54	0	19	1
55	2	19	1
1	0	20	1
2	0	20	1
3	0	20	1
4	0	20	1
5	0	20	1
6	0	20	1
7	0	20	1
8	0	20	1
9	0	20	1
10	0	20	1
11	1	20	1
12	0	20	1
13	0	20	1
14	2	20	1
15	2	20	1
16	0	20	1
17	0	20	1
18	4	20	1
19	1	20	1
20	1	20	1
21	0	20	1
22	0	20	1
23	5	20	1
24	5	20	1
25	5	20	1
26	1	20	1
27	3	20	1
28	2	20	1
29	4	20	1
30	3	20	1
31	4	20	1
32	2	20	1
33	4	20	1
34	10	20	1
35	0	20	1
36	8	20	1
37	16	20	1
38	3	20	1
39	8	20	1
40	9	20	1
41	4	20	1
42	3	20	1
43	1	20	1
44	2	20	1
45	2	20	1
46	4	20	1
47	4	20	1
48	1	20	1
49	2	20	1
50	0	20	1
51	0	20	1
52	0	20	1
53	0	20	1
54	0	20	1
55	3	20	1
1	0	21	1
2	0	21	1
3	0	21	1
4	0	21	1
5	0	21	1
6	0	21	1
7	0	21	1
8	0	21	1
9	0	21	1
10	0	21	1
11	1	21	1
12	0	21	1
13	0	21	1
14	0	21	1
15	2	21	1
16	0	21	1
17	0	21	1
18	4	21	1
19	1	21	1
20	0	21	1
21	0	21	1
22	0	21	1
23	3	21	1
24	7	21	1
25	2	21	1
26	3	21	1
27	9	21	1
28	2	21	1
29	3	21	1
30	3	21	1
31	1	21	1
32	6	21	1
33	4	21	1
34	5	21	1
35	4	21	1
36	5	21	1
37	11	21	1
38	4	21	1
39	12	21	1
40	15	21	1
41	3	21	1
42	4	21	1
43	2	21	1
44	1	21	1
45	6	21	1
46	2	21	1
47	3	21	1
48	0	21	1
49	1	21	1
1	0	22	1
2	0	22	1
3	0	22	1
4	0	22	1
5	0	22	1
6	0	22	1
7	0	22	1
8	0	22	1
9	0	22	1
10	0	22	1
11	2	22	1
12	0	22	1
13	0	22	1
14	1	22	1
15	3	22	1
16	0	22	1
17	0	22	1
18	3	22	1
19	0	22	1
20	1	22	1
21	0	22	1
22	0	22	1
23	2	22	1
24	4	22	1
25	3	22	1
26	2	22	1
27	2	22	1
28	5	22	1
29	4	22	1
30	3	22	1
31	3	22	1
32	2	22	1
33	4	22	1
34	11	22	1
35	4	22	1
36	7	22	1
37	7	22	1
38	1	22	1
39	12	22	1
40	6	22	1
41	5	22	1
42	1	22	1
43	6	22	1
44	11	22	1
45	6	22	1
46	2	22	1
47	4	22	1
48	1	22	1
49	1	22	1
1	0	23	1
2	0	23	1
3	0	23	1
4	0	23	1
5	0	23	1
6	0	23	1
7	0	23	1
8	0	23	1
9	0	23	1
10	0	23	1
11	0	23	1
12	0	23	1
13	0	23	1
14	3	23	1
15	3	23	1
16	0	23	1
17	0	23	1
18	4	23	1
19	1	23	1
20	1	23	1
21	0	23	1
22	0	23	1
23	7	23	1
24	5	23	1
25	3	23	1
26	3	23	1
27	2	23	1
28	1	23	1
29	4	23	1
30	3	23	1
31	3	23	1
32	3	23	1
33	0	23	1
34	5	23	1
35	5	23	1
36	7	23	1
37	8	23	1
38	2	23	1
39	24	23	1
40	10	23	1
41	4	23	1
42	4	23	1
43	1	23	1
44	6	23	1
45	3	23	1
46	1	23	1
47	3	23	1
1	0	24	1
2	0	24	1
3	0	24	1
4	0	24	1
5	0	24	1
6	0	24	1
7	0	24	1
8	0	24	1
9	0	24	1
10	0	24	1
11	2	24	1
12	0	24	1
13	0	24	1
14	3	24	1
15	3	24	1
16	0	24	1
17	0	24	1
18	1	24	1
19	0	24	1
20	1	24	1
21	0	24	1
22	0	24	1
23	3	24	1
24	5	24	1
25	5	24	1
26	5	24	1
27	2	24	1
28	3	24	1
29	7	24	1
30	2	24	1
31	6	24	1
32	5	24	1
33	4	24	1
34	6	24	1
35	4	24	1
36	4	24	1
37	10	24	1
38	4	24	1
39	11	24	1
40	10	24	1
41	5	24	1
42	3	24	1
43	2	24	1
44	3	24	1
45	3	24	1
46	2	24	1
47	1	24	1
48	1	24	1
49	1	24	1
50	0	24	1
51	0	24	1
52	0	24	1
53	0	24	1
54	0	24	1
55	2	24	1
1	0	25	1
2	0	25	1
3	0	25	1
4	0	25	1
5	0	25	1
6	0	25	1
7	0	25	1
8	0	25	1
9	0	25	1
10	0	25	1
11	1	25	1
12	0	25	1
13	0	25	1
14	4	25	1
15	6	25	1
16	0	25	1
17	0	25	1
18	0	25	1
19	2	25	1
20	0	25	1
21	0	25	1
22	0	25	1
23	1	25	1
24	9	25	1
25	1	25	1
26	3	25	1
27	5	25	1
28	3	25	1
29	3	25	1
30	2	25	1
31	3	25	1
32	7	25	1
33	0	25	1
34	5	25	1
35	4	25	1
36	5	25	1
37	8	25	1
38	8	25	1
39	9	25	1
40	6	25	1
41	3	25	1
42	6	25	1
43	3	25	1
44	7	25	1
45	4	25	1
46	4	25	1
47	3	25	1
48	2	25	1
49	1	25	1
50	0	25	1
51	0	25	1
52	0	25	1
53	0	25	1
54	0	25	1
55	1	25	1
1	0	26	1
2	0	26	1
3	0	26	1
4	0	26	1
5	0	26	1
6	0	26	1
7	0	26	1
8	0	26	1
9	0	26	1
10	0	26	1
11	3	26	1
12	0	26	1
13	0	26	1
14	3	26	1
15	3	26	1
16	0	26	1
17	0	26	1
18	5	26	1
19	1	26	1
20	1	26	1
21	0	26	1
22	0	26	1
23	6	26	1
24	5	26	1
25	1	26	1
26	0	26	1
27	3	26	1
28	2	26	1
29	2	26	1
30	4	26	1
31	6	26	1
32	4	26	1
33	0	26	1
34	5	26	1
35	7	26	1
36	4	26	1
37	10	26	1
38	3	26	1
39	13	26	1
40	7	26	1
41	6	26	1
42	2	26	1
43	1	26	1
44	5	26	1
45	5	26	1
46	2	26	1
47	4	26	1
48	1	26	1
49	2	26	1
50	0	26	1
51	0	26	1
52	0	26	1
53	0	26	1
54	0	26	1
55	3	26	1
1	0	27	1
2	0	27	1
3	0	27	1
4	0	27	1
5	0	27	1
6	0	27	1
7	0	27	1
8	0	27	1
9	0	27	1
10	0	27	1
11	0	27	1
12	0	27	1
13	0	27	1
14	2	27	1
15	0	27	1
16	0	27	1
17	0	27	1
18	1	27	1
19	1	27	1
20	3	27	1
21	0	27	1
22	0	27	1
23	5	27	1
24	6	27	1
25	6	27	1
26	5	27	1
27	1	27	1
28	5	27	1
29	8	27	1
30	3	27	1
31	2	27	1
32	2	27	1
33	3	27	1
34	5	27	1
35	5	27	1
36	9	27	1
37	14	27	1
38	1	27	1
39	9	27	1
40	10	27	1
41	2	27	1
42	6	27	1
43	1	27	1
44	11	27	1
45	2	27	1
46	1	27	1
1	0	28	1
2	0	28	1
3	0	28	1
4	0	28	1
5	0	28	1
6	0	28	1
7	0	28	1
8	0	28	1
9	0	28	1
10	0	28	1
11	0	28	1
12	0	28	1
13	0	28	1
14	2	28	1
15	3	28	1
16	0	28	1
17	0	28	1
18	3	28	1
19	1	28	1
20	0	28	1
21	0	28	1
22	0	28	1
23	0	28	1
24	2	28	1
25	3	28	1
26	0	28	1
27	2	28	1
28	5	28	1
29	4	28	1
30	2	28	1
31	0	28	1
32	7	28	1
33	3	28	1
34	11	28	1
35	4	28	1
36	6	28	1
37	6	28	1
38	5	28	1
39	10	28	1
40	14	28	1
41	6	28	1
42	8	28	1
43	5	28	1
44	7	28	1
45	4	28	1
46	2	28	1
47	3	28	1
48	1	28	1
1	0	29	1
2	0	29	1
3	0	29	1
4	0	29	1
5	0	29	1
6	0	29	1
7	0	29	1
8	0	29	1
9	0	29	1
10	0	29	1
11	1	29	1
12	0	29	1
13	0	29	1
14	4	29	1
15	2	29	1
16	0	29	1
17	0	29	1
18	2	29	1
19	3	29	1
20	0	29	1
21	0	29	1
22	0	29	1
23	0	29	1
24	5	29	1
25	2	29	1
26	1	29	1
27	5	29	1
28	5	29	1
29	4	29	1
30	6	29	1
31	6	29	1
32	4	29	1
33	4	29	1
34	8	29	1
35	7	29	1
36	10	29	1
37	9	29	1
38	2	29	1
39	3	29	1
40	9	29	1
41	1	29	1
42	2	29	1
43	5	29	1
44	10	29	1
45	3	29	1
46	1	29	1
47	5	29	1
1	0	30	1
2	0	30	1
3	0	30	1
4	0	30	1
5	0	30	1
6	0	30	1
7	0	30	1
8	0	30	1
9	0	30	1
10	0	30	1
11	0	30	1
12	0	30	1
13	0	30	1
14	2	30	1
15	0	30	1
16	0	30	1
17	0	30	1
18	4	30	1
19	1	30	1
20	3	30	1
21	0	30	1
22	0	30	1
23	4	30	1
24	5	30	1
25	1	30	1
26	2	30	1
27	1	30	1
28	4	30	1
29	5	30	1
30	2	30	1
31	3	30	1
32	3	30	1
33	5	30	1
34	9	30	1
35	3	30	1
36	11	30	1
37	15	30	1
38	3	30	1
39	11	30	1
40	6	30	1
41	2	30	1
42	4	30	1
43	1	30	1
44	5	30	1
45	1	30	1
46	4	30	1
47	3	30	1
48	2	30	1
49	1	30	1
50	0	30	1
51	0	30	1
52	0	30	1
53	0	30	1
54	0	30	1
55	3	30	1
1	0	31	1
2	0	31	1
3	0	31	1
4	0	31	1
5	0	31	1
6	0	31	1
7	0	31	1
8	0	31	1
9	0	31	1
10	0	31	1
11	1	31	1
12	0	31	1
13	0	31	1
14	0	31	1
15	3	31	1
16	0	31	1
17	0	31	1
18	3	31	1
19	1	31	1
20	1	31	1
21	0	31	1
22	0	31	1
23	4	31	1
24	3	31	1
25	1	31	1
26	3	31	1
27	3	31	1
28	9	31	1
29	3	31	1
30	4	31	1
31	4	31	1
32	4	31	1
33	1	31	1
34	7	31	1
35	8	31	1
36	6	31	1
37	13	31	1
38	3	31	1
39	8	31	1
40	3	31	1
41	5	31	1
42	7	31	1
43	4	31	1
44	3	31	1
45	1	31	1
46	2	31	1
47	8	31	1
48	0	31	1
49	2	31	1
50	0	31	1
51	0	31	1
52	0	31	1
53	0	31	1
54	0	31	1
55	1	31	1
1	0	32	1
2	0	32	1
3	0	32	1
4	0	32	1
5	0	32	1
6	0	32	1
7	0	32	1
8	0	32	1
9	0	32	1
10	0	32	1
11	0	32	1
12	0	32	1
13	0	32	1
14	2	32	1
15	4	32	1
16	0	32	1
17	0	32	1
18	2	32	1
19	2	32	1
20	1	32	1
21	0	32	1
22	0	32	1
23	3	32	1
24	7	32	1
25	5	32	1
26	2	32	1
27	4	32	1
28	5	32	1
29	2	32	1
30	2	32	1
31	4	32	1
32	5	32	1
33	3	32	1
34	6	32	1
35	6	32	1
36	1	32	1
37	12	32	1
38	3	32	1
39	12	32	1
40	10	32	1
41	2	32	1
42	3	32	1
43	5	32	1
44	7	32	1
45	4	32	1
46	1	32	1
47	1	32	1
48	1	32	1
49	0	32	1
50	0	32	1
51	0	32	1
52	0	32	1
53	0	32	1
54	0	32	1
55	2	32	1
1	0	33	1
2	0	33	1
3	0	33	1
4	0	33	1
5	0	33	1
6	0	33	1
7	0	33	1
8	0	33	1
9	0	33	1
10	0	33	1
11	0	33	1
12	0	33	1
13	0	33	1
14	1	33	1
15	2	33	1
16	0	33	1
17	0	33	1
18	3	33	1
19	0	33	1
20	1	33	1
21	0	33	1
22	0	33	1
23	3	33	1
24	4	33	1
25	3	33	1
26	0	33	1
27	5	33	1
28	2	33	1
29	1	33	1
30	3	33	1
31	6	33	1
32	3	33	1
33	3	33	1
34	10	33	1
35	6	33	1
36	11	33	1
37	15	33	1
38	1	33	1
39	11	33	1
40	8	33	1
41	4	33	1
42	2	33	1
43	3	33	1
44	4	33	1
45	4	33	1
46	5	33	1
47	3	33	1
48	1	33	1
49	1	33	1
1	0	34	1
2	0	34	1
3	0	34	1
4	0	34	1
5	0	34	1
6	0	34	1
7	0	34	1
8	0	34	1
9	0	34	1
10	0	34	1
11	0	34	1
12	0	34	1
13	0	34	1
14	0	34	1
15	1	34	1
16	0	34	1
17	0	34	1
18	0	34	1
19	2	34	1
20	1	34	1
21	0	34	1
22	0	34	1
23	4	34	1
24	7	34	1
25	4	34	1
26	2	34	1
27	2	34	1
28	4	34	1
29	2	34	1
30	4	34	1
31	2	34	1
32	3	34	1
33	0	34	1
34	7	34	1
35	11	34	1
36	3	34	1
37	10	34	1
38	4	34	1
39	10	34	1
40	9	34	1
41	4	34	1
42	9	34	1
43	4	34	1
44	4	34	1
45	2	34	1
46	7	34	1
47	6	34	1
48	0	34	1
49	0	34	1
50	0	34	1
51	0	34	1
52	0	34	1
53	0	34	1
54	0	34	1
55	1	34	1
1	0	35	1
2	0	35	1
3	0	35	1
4	0	35	1
5	0	35	1
6	0	35	1
7	0	35	1
8	0	35	1
9	0	35	1
10	0	35	1
11	1	35	1
12	0	35	1
13	0	35	1
14	1	35	1
15	3	35	1
16	0	35	1
17	0	35	1
18	1	35	1
19	1	35	1
20	0	35	1
21	0	35	1
22	0	35	1
23	3	35	1
24	3	35	1
25	4	35	1
26	1	35	1
27	4	35	1
28	6	35	1
29	4	35	1
30	2	35	1
31	2	35	1
32	3	35	1
33	3	35	1
34	8	35	1
35	4	35	1
36	5	35	1
37	11	35	1
38	3	35	1
39	14	35	1
40	13	35	1
41	1	35	1
42	5	35	1
43	5	35	1
44	4	35	1
45	6	35	1
46	1	35	1
47	3	35	1
48	1	35	1
49	0	35	1
50	0	35	1
51	0	35	1
52	0	35	1
53	0	35	1
54	0	35	1
55	3	35	1
1	0	36	1
2	0	36	1
3	0	36	1
4	0	36	1
5	0	36	1
6	0	36	1
7	0	36	1
8	0	36	1
9	0	36	1
10	0	36	1
11	0	36	1
12	0	36	1
13	0	36	1
14	0	36	1
15	4	36	1
16	0	36	1
17	0	36	1
18	4	36	1
19	3	36	1
20	2	36	1
21	0	36	1
22	0	36	1
23	4	36	1
24	5	36	1
25	3	36	1
26	2	36	1
27	4	36	1
28	4	36	1
29	1	36	1
30	1	36	1
31	1	36	1
32	0	36	1
33	6	36	1
34	4	36	1
35	6	36	1
36	6	36	1
37	15	36	1
38	8	36	1
39	14	36	1
40	5	36	1
41	3	36	1
42	2	36	1
43	5	36	1
44	2	36	1
45	4	36	1
46	2	36	1
47	5	36	1
48	2	36	1
49	2	36	1
1	0	37	1
2	0	37	1
3	0	37	1
4	0	37	1
5	0	37	1
6	0	37	1
7	0	37	1
8	0	37	1
9	0	37	1
10	0	37	1
11	0	37	1
12	0	37	1
13	0	37	1
14	2	37	1
15	2	37	1
16	0	37	1
17	0	37	1
18	2	37	1
19	1	37	1
20	1	37	1
21	0	37	1
22	0	37	1
23	3	37	1
24	9	37	1
25	2	37	1
26	2	37	1
27	2	37	1
28	5	37	1
29	6	37	1
30	3	37	1
31	5	37	1
32	4	37	1
33	2	37	1
34	6	37	1
35	4	37	1
36	6	37	1
37	10	37	1
38	3	37	1
39	13	37	1
40	6	37	1
41	2	37	1
42	5	37	1
43	2	37	1
44	7	37	1
45	4	37	1
46	3	37	1
47	2	37	1
48	2	37	1
49	2	37	1
50	0	37	1
51	0	37	1
52	0	37	1
53	0	37	1
54	0	37	1
55	1	37	1
1	0	38	1
2	0	38	1
3	0	38	1
4	0	38	1
5	0	38	1
6	0	38	1
7	0	38	1
8	0	38	1
9	0	38	1
10	0	38	1
11	1	38	1
12	0	38	1
13	0	38	1
14	2	38	1
15	2	38	1
16	0	38	1
17	0	38	1
18	4	38	1
19	1	38	1
20	1	38	1
21	0	38	1
22	0	38	1
23	1	38	1
24	8	38	1
25	5	38	1
26	0	38	1
27	4	38	1
28	5	38	1
29	5	38	1
30	4	38	1
31	4	38	1
32	5	38	1
33	5	38	1
34	6	38	1
35	8	38	1
36	5	38	1
37	8	38	1
38	2	38	1
39	3	38	1
40	7	38	1
41	4	38	1
42	6	38	1
43	4	38	1
44	7	38	1
45	4	38	1
46	2	38	1
47	5	38	1
48	1	38	1
1	0	39	1
2	0	39	1
3	0	39	1
4	0	39	1
5	0	39	1
6	0	39	1
7	0	39	1
8	0	39	1
9	0	39	1
10	0	39	1
11	2	39	1
12	0	39	1
13	0	39	1
14	3	39	1
15	1	39	1
16	0	39	1
17	0	39	1
18	1	39	1
19	1	39	1
20	0	39	1
21	0	39	1
22	0	39	1
23	2	39	1
24	5	39	1
25	3	39	1
26	0	39	1
27	5	39	1
28	7	39	1
29	4	39	1
30	2	39	1
31	3	39	1
32	3	39	1
33	1	39	1
34	8	39	1
35	4	39	1
36	5	39	1
37	13	39	1
38	3	39	1
39	14	39	1
40	4	39	1
41	2	39	1
42	6	39	1
43	3	39	1
44	5	39	1
45	4	39	1
46	5	39	1
47	2	39	1
48	2	39	1
49	1	39	1
50	0	39	1
51	0	39	1
52	0	39	1
53	0	39	1
54	0	39	1
55	5	39	1
1	0	40	1
2	0	40	1
3	0	40	1
4	0	40	1
5	0	40	1
6	0	40	1
7	0	40	1
8	0	40	1
9	0	40	1
10	0	40	1
11	2	40	1
12	0	40	1
13	0	40	1
14	3	40	1
15	5	40	1
16	0	40	1
17	0	40	1
18	3	40	1
19	1	40	1
20	2	40	1
21	0	40	1
22	0	40	1
23	2	40	1
24	5	40	1
25	0	40	1
26	2	40	1
27	2	40	1
28	5	40	1
29	5	40	1
30	2	40	1
31	2	40	1
32	6	40	1
33	0	40	1
34	7	40	1
35	7	40	1
36	9	40	1
37	10	40	1
38	6	40	1
39	9	40	1
40	9	40	1
41	4	40	1
42	4	40	1
43	4	40	1
44	6	40	1
45	4	40	1
46	1	40	1
47	0	40	1
48	1	40	1
49	0	40	1
50	0	40	1
51	0	40	1
52	0	40	1
53	0	40	1
54	0	40	1
55	1	40	1
1	0	41	1
2	0	41	1
3	0	41	1
4	0	41	1
5	0	41	1
6	0	41	1
7	0	41	1
8	0	41	1
9	0	41	1
10	0	41	1
11	1	41	1
12	0	41	1
13	0	41	1
14	1	41	1
15	0	41	1
16	0	41	1
17	0	41	1
18	1	41	1
19	1	41	1
20	1	41	1
21	0	41	1
22	0	41	1
23	0	41	1
24	5	41	1
25	2	41	1
26	2	41	1
27	4	41	1
28	6	41	1
29	4	41	1
30	4	41	1
31	2	41	1
32	6	41	1
33	1	41	1
34	5	41	1
35	7	41	1
36	5	41	1
37	9	41	1
38	4	41	1
39	14	41	1
40	10	41	1
41	7	41	1
42	7	41	1
43	2	41	1
44	9	41	1
45	0	41	1
46	0	41	1
47	3	41	1
48	0	41	1
49	3	41	1
50	0	41	1
51	0	41	1
52	0	41	1
53	0	41	1
54	0	41	1
55	3	41	1
1	0	42	1
2	0	42	1
3	0	42	1
4	0	42	1
5	0	42	1
6	0	42	1
7	0	42	1
8	0	42	1
9	0	42	1
10	0	42	1
11	0	42	1
12	0	42	1
13	0	42	1
14	4	42	1
15	2	42	1
16	0	42	1
17	0	42	1
18	5	42	1
19	0	42	1
20	1	42	1
21	0	42	1
22	0	42	1
23	4	42	1
24	2	42	1
25	6	42	1
26	3	42	1
27	2	42	1
28	6	42	1
29	4	42	1
30	4	42	1
31	0	42	1
32	1	42	1
33	3	42	1
34	5	42	1
35	4	42	1
36	3	42	1
37	10	42	1
38	5	42	1
39	9	42	1
40	12	42	1
41	3	42	1
42	5	42	1
43	2	42	1
44	10	42	1
45	1	42	1
46	3	42	1
47	2	42	1
48	3	42	1
49	3	42	1
50	0	42	1
51	0	42	1
52	0	42	1
53	0	42	1
54	0	42	1
55	2	42	1
1	0	43	1
2	0	43	1
3	0	43	1
4	0	43	1
5	0	43	1
6	0	43	1
7	0	43	1
8	0	43	1
9	0	43	1
10	0	43	1
11	0	43	1
12	0	43	1
13	0	43	1
14	2	43	1
15	4	43	1
16	0	43	1
17	0	43	1
18	4	43	1
19	1	43	1
20	0	43	1
21	0	43	1
22	0	43	1
23	2	43	1
24	3	43	1
25	2	43	1
26	1	43	1
27	4	43	1
28	1	43	1
29	5	43	1
30	2	43	1
31	2	43	1
32	6	43	1
33	1	43	1
34	8	43	1
35	9	43	1
36	7	43	1
37	9	43	1
38	4	43	1
39	6	43	1
40	8	43	1
41	3	43	1
42	5	43	1
43	2	43	1
44	8	43	1
45	9	43	1
46	4	43	1
47	4	43	1
48	2	43	1
49	1	43	1
1	0	44	1
2	0	44	1
3	0	44	1
4	0	44	1
5	0	44	1
6	0	44	1
7	0	44	1
8	0	44	1
9	0	44	1
10	0	44	1
11	1	44	1
12	0	44	1
13	0	44	1
14	3	44	1
15	5	44	1
16	0	44	1
17	0	44	1
18	2	44	1
19	2	44	1
20	0	44	1
21	0	44	1
22	0	44	1
23	3	44	1
24	5	44	1
25	3	44	1
26	2	44	1
27	2	44	1
28	1	44	1
29	3	44	1
30	4	44	1
31	3	44	1
32	7	44	1
33	2	44	1
34	6	44	1
35	7	44	1
36	11	44	1
37	9	44	1
38	4	44	1
39	9	44	1
40	3	44	1
41	5	44	1
42	3	44	1
43	3	44	1
44	6	44	1
45	5	44	1
46	0	44	1
47	8	44	1
48	2	44	1
1	0	45	1
2	0	45	1
3	0	45	1
4	0	45	1
5	0	45	1
6	0	45	1
7	0	45	1
8	0	45	1
9	0	45	1
10	0	45	1
11	1	45	1
12	0	45	1
13	0	45	1
14	1	45	1
15	1	45	1
16	0	45	1
17	0	45	1
18	5	45	1
19	2	45	1
20	1	45	1
21	0	45	1
22	0	45	1
23	1	45	1
24	3	45	1
25	2	45	1
26	5	45	1
27	3	45	1
28	6	45	1
29	3	45	1
30	2	45	1
31	2	45	1
32	1	45	1
33	3	45	1
34	14	45	1
35	4	45	1
36	9	45	1
37	9	45	1
38	2	45	1
39	14	45	1
40	7	45	1
41	7	45	1
42	2	45	1
43	1	45	1
44	4	45	1
45	4	45	1
46	2	45	1
47	6	45	1
48	0	45	1
49	1	45	1
50	0	45	1
51	0	45	1
52	0	45	1
53	0	45	1
54	0	45	1
55	1	45	1
1	0	46	1
2	0	46	1
3	0	46	1
4	0	46	1
5	0	46	1
6	0	46	1
7	0	46	1
8	0	46	1
9	0	46	1
10	0	46	1
11	1	46	1
12	0	46	1
13	0	46	1
14	2	46	1
15	5	46	1
16	0	46	1
17	0	46	1
18	2	46	1
19	2	46	1
20	1	46	1
21	0	46	1
22	0	46	1
23	3	46	1
24	3	46	1
25	1	46	1
26	3	46	1
27	4	46	1
28	7	46	1
29	2	46	1
30	2	46	1
31	1	46	1
32	2	46	1
33	5	46	1
34	8	46	1
35	4	46	1
36	9	46	1
37	10	46	1
38	2	46	1
39	8	46	1
40	8	46	1
41	4	46	1
42	2	46	1
43	3	46	1
44	12	46	1
45	2	46	1
46	4	46	1
47	2	46	1
48	2	46	1
49	2	46	1
50	0	46	1
51	0	46	1
52	0	46	1
53	0	46	1
54	0	46	1
55	1	46	1
1	0	47	1
2	0	47	1
3	0	47	1
4	0	47	1
5	0	47	1
6	0	47	1
7	0	47	1
8	0	47	1
9	0	47	1
10	0	47	1
11	1	47	1
12	0	47	1
13	0	47	1
14	3	47	1
15	4	47	1
16	0	47	1
17	0	47	1
18	5	47	1
19	2	47	1
20	2	47	1
21	0	47	1
22	0	47	1
23	4	47	1
24	5	47	1
25	2	47	1
26	2	47	1
27	6	47	1
28	1	47	1
29	6	47	1
30	3	47	1
31	3	47	1
32	2	47	1
33	4	47	1
34	7	47	1
35	6	47	1
36	7	47	1
37	8	47	1
38	2	47	1
39	9	47	1
40	8	47	1
41	3	47	1
42	5	47	1
43	1	47	1
44	7	47	1
45	6	47	1
46	0	47	1
47	1	47	1
48	1	47	1
49	2	47	1
50	0	47	1
51	0	47	1
52	0	47	1
53	0	47	1
54	0	47	1
55	1	47	1
1	0	48	1
2	0	48	1
3	0	48	1
4	0	48	1
5	0	48	1
6	0	48	1
7	0	48	1
8	0	48	1
9	0	48	1
10	0	48	1
11	2	48	1
12	0	48	1
13	0	48	1
14	3	48	1
15	2	48	1
16	0	48	1
17	0	48	1
18	3	48	1
19	4	48	1
20	1	48	1
21	0	48	1
22	0	48	1
23	3	48	1
24	6	48	1
25	4	48	1
26	1	48	1
27	4	48	1
28	4	48	1
29	3	48	1
30	5	48	1
31	4	48	1
32	5	48	1
33	0	48	1
34	9	48	1
35	6	48	1
36	10	48	1
37	9	48	1
38	3	48	1
39	11	48	1
40	8	48	1
41	3	48	1
42	4	48	1
43	1	48	1
44	4	48	1
45	0	48	1
46	0	48	1
47	2	48	1
48	1	48	1
49	2	48	1
50	0	48	1
51	0	48	1
52	0	48	1
53	0	48	1
54	0	48	1
55	2	48	1
1	0	49	1
2	0	49	1
3	0	49	1
4	0	49	1
5	0	49	1
6	0	49	1
7	0	49	1
8	0	49	1
9	0	49	1
10	0	49	1
11	0	49	1
12	0	49	1
13	0	49	1
14	3	49	1
15	1	49	1
16	0	49	1
17	0	49	1
18	7	49	1
19	1	49	1
20	1	49	1
21	0	49	1
22	0	49	1
23	5	49	1
24	4	49	1
25	3	49	1
26	1	49	1
27	1	49	1
28	3	49	1
29	3	49	1
30	2	49	1
31	3	49	1
32	7	49	1
33	2	49	1
34	7	49	1
35	6	49	1
36	9	49	1
37	12	49	1
38	4	49	1
39	13	49	1
40	6	49	1
41	4	49	1
42	2	49	1
43	2	49	1
44	9	49	1
45	2	49	1
46	0	49	1
47	2	49	1
48	0	49	1
49	3	49	1
50	0	49	1
51	0	49	1
52	0	49	1
53	0	49	1
54	0	49	1
55	1	49	1
1	0	50	1
2	0	50	1
3	0	50	1
4	0	50	1
5	0	50	1
6	0	50	1
7	0	50	1
8	0	50	1
9	0	50	1
10	0	50	1
11	0	50	1
12	0	50	1
13	0	50	1
14	3	50	1
15	3	50	1
16	0	50	1
17	0	50	1
18	4	50	1
19	1	50	1
20	2	50	1
21	0	50	1
22	0	50	1
23	1	50	1
24	8	50	1
25	3	50	1
26	0	50	1
27	0	50	1
28	6	50	1
29	5	50	1
30	2	50	1
31	1	50	1
32	4	50	1
33	6	50	1
34	2	50	1
35	6	50	1
36	7	50	1
37	9	50	1
38	8	50	1
39	11	50	1
40	9	50	1
41	2	50	1
42	8	50	1
43	2	50	1
44	7	50	1
45	3	50	1
46	2	50	1
47	2	50	1
48	1	50	1
49	1	50	1
1	0	51	1
2	0	51	1
3	0	51	1
4	0	51	1
5	0	51	1
6	0	51	1
7	0	51	1
8	0	51	1
9	0	51	1
10	0	51	1
11	0	51	1
12	0	51	1
13	0	51	1
14	2	51	1
15	3	51	1
16	0	51	1
17	0	51	1
18	4	51	1
19	0	51	1
20	4	51	1
21	0	51	1
22	0	51	1
23	5	51	1
24	8	51	1
25	4	51	1
26	3	51	1
27	1	51	1
28	4	51	1
29	3	51	1
30	4	51	1
31	3	51	1
32	0	51	1
33	2	51	1
34	5	51	1
35	8	51	1
36	4	51	1
37	11	51	1
38	5	51	1
39	9	51	1
40	10	51	1
41	1	51	1
42	6	51	1
43	4	51	1
44	4	51	1
45	7	51	1
46	0	51	1
47	4	51	1
48	0	51	1
49	1	51	1
1	0	52	1
2	0	52	1
3	0	52	1
4	0	52	1
5	0	52	1
6	0	52	1
7	0	52	1
8	0	52	1
9	0	52	1
10	0	52	1
11	0	52	1
12	0	52	1
13	0	52	1
14	5	52	1
15	4	52	1
16	0	52	1
17	0	52	1
18	3	52	1
19	1	52	1
20	0	52	1
21	0	52	1
22	0	52	1
23	0	52	1
24	5	52	1
25	0	52	1
26	2	52	1
27	2	52	1
28	5	52	1
29	4	52	1
30	1	52	1
31	5	52	1
32	3	52	1
33	1	52	1
34	9	52	1
35	10	52	1
36	4	52	1
37	9	52	1
38	4	52	1
39	12	52	1
40	7	52	1
41	6	52	1
42	2	52	1
43	4	52	1
44	5	52	1
45	3	52	1
46	3	52	1
47	4	52	1
48	1	52	1
49	3	52	1
50	0	52	1
51	0	52	1
52	0	52	1
53	0	52	1
54	0	52	1
55	2	52	1
1	0	53	1
2	0	53	1
3	0	53	1
4	0	53	1
5	0	53	1
6	0	53	1
7	0	53	1
8	0	53	1
9	0	53	1
10	0	53	1
11	1	53	1
12	0	53	1
13	0	53	1
14	3	53	1
15	3	53	1
16	0	53	1
17	0	53	1
18	3	53	1
19	0	53	1
20	1	53	1
21	0	53	1
22	0	53	1
23	3	53	1
24	6	53	1
25	7	53	1
26	0	53	1
27	4	53	1
28	2	53	1
29	4	53	1
30	4	53	1
31	4	53	1
32	2	53	1
33	1	53	1
34	8	53	1
35	5	53	1
36	3	53	1
37	13	53	1
38	2	53	1
39	8	53	1
40	8	53	1
41	2	53	1
42	6	53	1
43	6	53	1
44	8	53	1
45	6	53	1
46	2	53	1
47	2	53	1
48	0	53	1
49	1	53	1
50	0	53	1
51	0	53	1
52	0	53	1
53	0	53	1
54	0	53	1
55	1	53	1
1	0	54	1
2	0	54	1
3	0	54	1
4	0	54	1
5	0	54	1
6	0	54	1
7	0	54	1
8	0	54	1
9	0	54	1
10	0	54	1
11	0	54	1
12	0	54	1
13	0	54	1
14	1	54	1
15	3	54	1
16	0	54	1
17	0	54	1
18	6	54	1
19	0	54	1
20	0	54	1
21	0	54	1
22	0	54	1
23	5	54	1
24	8	54	1
25	4	54	1
26	4	54	1
27	0	54	1
28	6	54	1
29	3	54	1
30	5	54	1
31	4	54	1
32	3	54	1
33	4	54	1
34	10	54	1
35	5	54	1
36	10	54	1
37	6	54	1
38	6	54	1
39	10	54	1
40	7	54	1
41	5	54	1
42	3	54	1
43	0	54	1
44	4	54	1
45	1	54	1
46	2	54	1
47	2	54	1
48	0	54	1
49	1	54	1
50	0	54	1
51	0	54	1
52	0	54	1
53	0	54	1
54	0	54	1
55	1	54	1
1	0	55	1
2	0	55	1
3	0	55	1
4	0	55	1
5	0	55	1
6	0	55	1
7	0	55	1
8	0	55	1
9	0	55	1
10	0	55	1
11	1	55	1
12	0	55	1
13	0	55	1
14	0	55	1
15	3	55	1
16	0	55	1
17	0	55	1
18	4	55	1
19	0	55	1
20	1	55	1
21	0	55	1
22	0	55	1
23	4	55	1
24	6	55	1
25	4	55	1
26	2	55	1
27	6	55	1
28	2	55	1
29	4	55	1
30	0	55	1
31	2	55	1
32	1	55	1
33	4	55	1
34	8	55	1
35	9	55	1
36	5	55	1
37	6	55	1
38	4	55	1
39	11	55	1
40	13	55	1
41	5	55	1
42	7	55	1
43	2	55	1
44	5	55	1
45	4	55	1
46	2	55	1
47	2	55	1
48	0	55	1
49	0	55	1
50	0	55	1
51	0	55	1
52	0	55	1
53	0	55	1
54	0	55	1
55	2	55	1
1	0	56	1
2	0	56	1
3	0	56	1
4	0	56	1
5	0	56	1
6	0	56	1
7	0	56	1
8	0	56	1
9	0	56	1
10	0	56	1
11	0	56	1
12	0	56	1
13	0	56	1
14	1	56	1
15	3	56	1
16	0	56	1
17	0	56	1
18	4	56	1
19	3	56	1
20	2	56	1
21	0	56	1
22	0	56	1
23	5	56	1
24	5	56	1
25	2	56	1
26	1	56	1
27	1	56	1
28	5	56	1
29	4	56	1
30	3	56	1
31	4	56	1
32	4	56	1
33	1	56	1
34	5	56	1
35	7	56	1
36	7	56	1
37	10	56	1
38	5	56	1
39	12	56	1
40	9	56	1
41	6	56	1
42	6	56	1
43	3	56	1
44	2	56	1
45	5	56	1
46	1	56	1
47	2	56	1
48	0	56	1
49	0	56	1
50	0	56	1
51	0	56	1
52	0	56	1
53	0	56	1
54	0	56	1
55	1	56	1
1	0	57	1
2	0	57	1
3	0	57	1
4	0	57	1
5	0	57	1
6	0	57	1
7	0	57	1
8	0	57	1
9	0	57	1
10	0	57	1
11	0	57	1
12	0	57	1
13	0	57	1
14	5	57	1
15	4	57	1
16	0	57	1
17	0	57	1
18	5	57	1
19	1	57	1
20	0	57	1
21	0	57	1
22	0	57	1
23	8	57	1
24	1	57	1
25	6	57	1
26	4	57	1
27	2	57	1
28	1	57	1
29	5	57	1
30	0	57	1
31	1	57	1
32	3	57	1
33	3	57	1
34	5	57	1
35	7	57	1
36	8	57	1
37	15	57	1
38	1	57	1
39	12	57	1
40	9	57	1
41	5	57	1
42	1	57	1
43	4	57	1
44	2	57	1
45	4	57	1
46	3	57	1
47	2	57	1
48	0	57	1
49	0	57	1
50	0	57	1
51	0	57	1
52	0	57	1
53	0	57	1
54	0	57	1
55	2	57	1
1	0	58	1
2	0	58	1
3	0	58	1
4	0	58	1
5	0	58	1
6	0	58	1
7	0	58	1
8	0	58	1
9	0	58	1
10	0	58	1
11	1	58	1
12	0	58	1
13	0	58	1
14	2	58	1
15	5	58	1
16	0	58	1
17	0	58	1
18	4	58	1
19	0	58	1
20	1	58	1
21	0	58	1
22	0	58	1
23	5	58	1
24	4	58	1
25	3	58	1
26	1	58	1
27	3	58	1
28	4	58	1
29	7	58	1
30	3	58	1
31	0	58	1
32	3	58	1
33	5	58	1
34	3	58	1
35	5	58	1
36	5	58	1
37	15	58	1
38	4	58	1
39	10	58	1
40	9	58	1
41	4	58	1
42	6	58	1
43	3	58	1
44	5	58	1
45	3	58	1
46	1	58	1
47	2	58	1
48	0	58	1
49	2	58	1
50	0	58	1
51	0	58	1
52	0	58	1
53	0	58	1
54	0	58	1
55	1	58	1
1	0	59	1
2	0	59	1
3	0	59	1
4	0	59	1
5	0	59	1
6	0	59	1
7	0	59	1
8	0	59	1
9	0	59	1
10	0	59	1
11	1	59	1
12	0	59	1
13	0	59	1
14	3	59	1
15	7	59	1
16	0	59	1
17	0	59	1
18	3	59	1
19	0	59	1
20	3	59	1
21	0	59	1
22	0	59	1
23	1	59	1
24	7	59	1
25	5	59	1
26	2	59	1
27	0	59	1
28	0	59	1
29	6	59	1
30	4	59	1
31	2	59	1
32	4	59	1
33	2	59	1
34	9	59	1
35	6	59	1
36	14	59	1
37	9	59	1
38	3	59	1
39	7	59	1
40	9	59	1
41	2	59	1
42	6	59	1
43	1	59	1
44	7	59	1
45	1	59	1
46	3	59	1
47	1	59	1
48	0	59	1
49	0	59	1
50	0	59	1
51	0	59	1
52	0	59	1
53	0	59	1
54	0	59	1
55	1	59	1
1	0	60	1
2	0	60	1
3	0	60	1
4	0	60	1
5	0	60	1
6	0	60	1
7	0	60	1
8	0	60	1
9	0	60	1
10	0	60	1
11	2	60	1
12	0	60	1
13	0	60	1
14	3	60	1
15	3	60	1
16	0	60	1
17	0	60	1
18	1	60	1
19	2	60	1
20	1	60	1
21	0	60	1
22	0	60	1
23	0	60	1
24	1	60	1
25	3	60	1
26	2	60	1
27	2	60	1
28	5	60	1
29	5	60	1
30	2	60	1
31	5	60	1
32	7	60	1
33	1	60	1
34	8	60	1
35	5	60	1
36	6	60	1
37	14	60	1
38	3	60	1
39	12	60	1
40	7	60	1
41	4	60	1
42	2	60	1
43	2	60	1
44	7	60	1
45	2	60	1
46	3	60	1
47	1	60	1
48	4	60	1
49	3	60	1
50	0	60	1
51	0	60	1
52	0	60	1
53	0	60	1
54	0	60	1
55	1	60	1
1	0	61	1
2	0	61	1
3	0	61	1
4	0	61	1
5	0	61	1
6	0	61	1
7	0	61	1
8	0	61	1
9	0	61	1
10	0	61	1
11	1	61	1
12	0	61	1
13	0	61	1
14	3	61	1
15	5	61	1
16	0	61	1
17	0	61	1
18	5	61	1
19	1	61	1
20	1	61	1
21	0	61	1
22	0	61	1
23	0	61	1
24	1	61	1
25	4	61	1
26	1	61	1
27	9	61	1
28	5	61	1
29	4	61	1
30	2	61	1
31	4	61	1
32	3	61	1
33	2	61	1
34	5	61	1
35	9	61	1
36	2	61	1
37	9	61	1
38	5	61	1
39	10	61	1
40	6	61	1
41	4	61	1
42	7	61	1
43	2	61	1
44	9	61	1
45	5	61	1
46	1	61	1
47	0	61	1
48	2	61	1
49	2	61	1
1	0	62	1
2	0	62	1
3	0	62	1
4	0	62	1
5	0	62	1
6	0	62	1
7	0	62	1
8	0	62	1
9	0	62	1
10	0	62	1
11	0	62	1
12	0	62	1
13	0	62	1
14	3	62	1
15	3	62	1
16	0	62	1
17	0	62	1
18	1	62	1
19	1	62	1
20	1	62	1
21	0	62	1
22	0	62	1
23	7	62	1
24	5	62	1
25	2	62	1
26	2	62	1
27	2	62	1
28	5	62	1
29	2	62	1
30	2	62	1
31	4	62	1
32	5	62	1
33	2	62	1
34	4	62	1
35	4	62	1
36	6	62	1
37	17	62	1
38	7	62	1
39	11	62	1
40	13	62	1
41	5	62	1
42	6	62	1
43	0	62	1
44	5	62	1
45	1	62	1
46	1	62	1
47	2	62	1
1	0	63	1
2	0	63	1
3	0	63	1
4	0	63	1
5	0	63	1
6	0	63	1
7	0	63	1
8	0	63	1
9	0	63	1
10	0	63	1
11	0	63	1
12	0	63	1
13	0	63	1
14	3	63	1
15	3	63	1
16	0	63	1
17	0	63	1
18	5	63	1
19	1	63	1
20	1	63	1
21	0	63	1
22	0	63	1
23	4	63	1
24	5	63	1
25	5	63	1
26	4	63	1
27	6	63	1
28	3	63	1
29	1	63	1
30	1	63	1
31	3	63	1
32	3	63	1
33	0	63	1
34	5	63	1
35	4	63	1
36	6	63	1
37	11	63	1
38	7	63	1
39	8	63	1
40	9	63	1
41	5	63	1
42	5	63	1
43	2	63	1
44	8	63	1
45	5	63	1
46	2	63	1
47	1	63	1
48	1	63	1
49	1	63	1
50	0	63	1
51	0	63	1
52	0	63	1
53	0	63	1
54	0	63	1
55	1	63	1
1	0	64	1
2	0	64	1
3	0	64	1
4	0	64	1
5	0	64	1
6	0	64	1
7	0	64	1
8	0	64	1
9	0	64	1
10	0	64	1
11	1	64	1
12	0	64	1
13	0	64	1
14	0	64	1
15	5	64	1
16	0	64	1
17	0	64	1
18	1	64	1
19	1	64	1
20	1	64	1
21	0	64	1
22	0	64	1
23	2	64	1
24	9	64	1
25	2	64	1
26	1	64	1
27	4	64	1
28	6	64	1
29	0	64	1
30	4	64	1
31	12	64	1
32	6	64	1
33	1	64	1
34	5	64	1
35	8	64	1
36	6	64	1
37	7	64	1
38	3	64	1
39	8	64	1
40	7	64	1
41	3	64	1
42	4	64	1
43	4	64	1
44	8	64	1
45	4	64	1
46	3	64	1
47	3	64	1
1	0	65	1
2	0	65	1
3	0	65	1
4	0	65	1
5	0	65	1
6	0	65	1
7	0	65	1
8	0	65	1
9	0	65	1
10	0	65	1
11	1	65	1
12	0	65	1
13	0	65	1
14	3	65	1
15	4	65	1
16	0	65	1
17	0	65	1
18	3	65	1
19	2	65	1
20	0	65	1
21	0	65	1
22	0	65	1
23	0	65	1
24	1	65	1
25	5	65	1
26	2	65	1
27	2	65	1
28	2	65	1
29	3	65	1
30	3	65	1
31	2	65	1
32	3	65	1
33	1	65	1
34	4	65	1
35	6	65	1
36	3	65	1
37	7	65	1
38	6	65	1
39	15	65	1
40	9	65	1
41	6	65	1
42	6	65	1
43	6	65	1
44	7	65	1
45	3	65	1
46	4	65	1
47	2	65	1
48	3	65	1
49	3	65	1
50	0	65	1
51	0	65	1
52	0	65	1
53	0	65	1
54	0	65	1
55	2	65	1
1	0	66	1
2	0	66	1
3	0	66	1
4	0	66	1
5	0	66	1
6	0	66	1
7	0	66	1
8	0	66	1
9	0	66	1
10	0	66	1
11	3	66	1
12	0	66	1
13	0	66	1
14	4	66	1
15	10	66	1
16	0	66	1
17	0	66	1
18	3	66	1
19	1	66	1
20	0	66	1
21	0	66	1
22	0	66	1
23	1	66	1
24	5	66	1
25	2	66	1
26	3	66	1
27	5	66	1
28	4	66	1
29	3	66	1
30	4	66	1
31	4	66	1
32	5	66	1
33	3	66	1
34	6	66	1
35	6	66	1
36	7	66	1
37	6	66	1
38	5	66	1
39	12	66	1
40	5	66	1
41	2	66	1
42	8	66	1
43	0	66	1
44	1	66	1
45	0	66	1
46	3	66	1
47	4	66	1
48	1	66	1
49	2	66	1
50	0	66	1
51	0	66	1
52	0	66	1
53	0	66	1
54	0	66	1
55	1	66	1
1	0	67	1
2	0	67	1
3	0	67	1
4	0	67	1
5	0	67	1
6	0	67	1
7	0	67	1
8	0	67	1
9	0	67	1
10	0	67	1
11	1	67	1
12	0	67	1
13	0	67	1
14	1	67	1
15	2	67	1
16	0	67	1
17	0	67	1
18	3	67	1
19	0	67	1
20	1	67	1
21	0	67	1
22	0	67	1
23	3	67	1
24	3	67	1
25	1	67	1
26	1	67	1
27	4	67	1
28	2	67	1
29	6	67	1
30	3	67	1
31	3	67	1
32	5	67	1
33	1	67	1
34	7	67	1
35	5	67	1
36	3	67	1
37	11	67	1
38	2	67	1
39	11	67	1
40	16	67	1
41	5	67	1
42	6	67	1
43	3	67	1
44	5	67	1
45	0	67	1
46	3	67	1
47	7	67	1
48	2	67	1
49	1	67	1
50	0	67	1
51	0	67	1
52	0	67	1
53	0	67	1
54	0	67	1
55	2	67	1
1	0	68	1
2	0	68	1
3	0	68	1
4	0	68	1
5	0	68	1
6	0	68	1
7	0	68	1
8	0	68	1
9	0	68	1
10	0	68	1
11	1	68	1
12	0	68	1
13	0	68	1
14	2	68	1
15	0	68	1
16	0	68	1
17	0	68	1
18	2	68	1
19	3	68	1
20	2	68	1
21	0	68	1
22	0	68	1
23	2	68	1
24	3	68	1
25	5	68	1
26	0	68	1
27	1	68	1
28	8	68	1
29	5	68	1
30	3	68	1
31	1	68	1
32	3	68	1
33	3	68	1
34	12	68	1
35	3	68	1
36	10	68	1
37	5	68	1
38	3	68	1
39	12	68	1
40	10	68	1
41	8	68	1
42	4	68	1
43	1	68	1
44	2	68	1
45	6	68	1
46	2	68	1
47	6	68	1
48	0	68	1
49	0	68	1
50	0	68	1
51	0	68	1
52	0	68	1
53	0	68	1
54	0	68	1
55	1	68	1
1	0	69	1
2	0	69	1
3	0	69	1
4	0	69	1
5	0	69	1
6	0	69	1
7	0	69	1
8	0	69	1
9	0	69	1
10	0	69	1
11	1	69	1
12	0	69	1
13	0	69	1
14	1	69	1
15	2	69	1
16	0	69	1
17	0	69	1
18	4	69	1
19	1	69	1
20	2	69	1
21	0	69	1
22	0	69	1
23	2	69	1
24	4	69	1
25	3	69	1
26	3	69	1
27	4	69	1
28	4	69	1
29	3	69	1
30	6	69	1
31	0	69	1
32	5	69	1
33	5	69	1
34	7	69	1
35	5	69	1
36	5	69	1
37	12	69	1
38	3	69	1
39	8	69	1
40	15	69	1
41	2	69	1
42	5	69	1
43	3	69	1
44	7	69	1
45	4	69	1
46	1	69	1
47	0	69	1
48	0	69	1
49	1	69	1
50	0	69	1
51	0	69	1
52	0	69	1
53	0	69	1
54	0	69	1
55	1	69	1
1	0	70	1
2	0	70	1
3	0	70	1
4	0	70	1
5	0	70	1
6	0	70	1
7	0	70	1
8	0	70	1
9	0	70	1
10	0	70	1
11	0	70	1
12	0	70	1
13	0	70	1
14	6	70	1
15	1	70	1
16	0	70	1
17	0	70	1
18	4	70	1
19	0	70	1
20	1	70	1
21	0	70	1
22	0	70	1
23	2	70	1
24	10	70	1
25	2	70	1
26	1	70	1
27	3	70	1
28	4	70	1
29	4	70	1
30	5	70	1
31	1	70	1
32	5	70	1
33	1	70	1
34	9	70	1
35	3	70	1
36	5	70	1
37	6	70	1
38	3	70	1
39	8	70	1
40	11	70	1
41	6	70	1
42	6	70	1
43	3	70	1
44	7	70	1
45	2	70	1
46	4	70	1
47	3	70	1
48	1	70	1
49	0	70	1
50	0	70	1
51	0	70	1
52	0	70	1
53	0	70	1
54	0	70	1
55	2	70	1
1	0	71	1
2	0	71	1
3	0	71	1
4	0	71	1
5	0	71	1
6	0	71	1
7	0	71	1
8	0	71	1
9	0	71	1
10	0	71	1
11	0	71	1
12	0	71	1
13	0	71	1
14	2	71	1
15	4	71	1
16	0	71	1
17	0	71	1
18	2	71	1
19	1	71	1
20	1	71	1
21	0	71	1
22	0	71	1
23	5	71	1
24	6	71	1
25	4	71	1
26	1	71	1
27	4	71	1
28	4	71	1
29	1	71	1
30	1	71	1
31	2	71	1
32	3	71	1
33	1	71	1
34	5	71	1
35	10	71	1
36	9	71	1
37	8	71	1
38	0	71	1
39	13	71	1
40	10	71	1
41	2	71	1
42	2	71	1
43	2	71	1
44	10	71	1
45	6	71	1
46	3	71	1
47	2	71	1
48	0	71	1
49	2	71	1
50	0	71	1
51	0	71	1
52	0	71	1
53	0	71	1
54	0	71	1
55	3	71	1
1	0	72	1
2	0	72	1
3	0	72	1
4	0	72	1
5	0	72	1
6	0	72	1
7	0	72	1
8	0	72	1
9	0	72	1
10	0	72	1
11	2	72	1
12	0	72	1
13	0	72	1
14	1	72	1
15	0	72	1
16	0	72	1
17	0	72	1
18	1	72	1
19	1	72	1
20	2	72	1
21	0	72	1
22	0	72	1
23	4	72	1
24	6	72	1
25	1	72	1
26	3	72	1
27	4	72	1
28	4	72	1
29	5	72	1
30	2	72	1
31	4	72	1
32	4	72	1
33	0	72	1
34	7	72	1
35	3	72	1
36	8	72	1
37	5	72	1
38	3	72	1
39	17	72	1
40	6	72	1
41	3	72	1
42	6	72	1
43	6	72	1
44	9	72	1
45	4	72	1
46	2	72	1
47	2	72	1
48	1	72	1
49	0	72	1
50	0	72	1
51	0	72	1
52	0	72	1
53	0	72	1
54	0	72	1
55	3	72	1
1	0	73	1
2	0	73	1
3	0	73	1
4	0	73	1
5	0	73	1
6	0	73	1
7	0	73	1
8	0	73	1
9	0	73	1
10	0	73	1
11	0	73	1
12	0	73	1
13	0	73	1
14	1	73	1
15	2	73	1
16	0	73	1
17	0	73	1
18	5	73	1
19	0	73	1
20	1	73	1
21	0	73	1
22	0	73	1
23	3	73	1
24	5	73	1
25	2	73	1
26	2	73	1
27	3	73	1
28	4	73	1
29	2	73	1
30	3	73	1
31	0	73	1
32	6	73	1
33	3	73	1
34	7	73	1
35	8	73	1
36	10	73	1
37	12	73	1
38	5	73	1
39	11	73	1
40	4	73	1
41	4	73	1
42	5	73	1
43	2	73	1
44	5	73	1
45	4	73	1
46	3	73	1
47	3	73	1
48	1	73	1
49	1	73	1
50	0	73	1
51	0	73	1
52	0	73	1
53	0	73	1
54	0	73	1
55	2	73	1
1	0	74	1
2	0	74	1
3	0	74	1
4	0	74	1
5	0	74	1
6	0	74	1
7	0	74	1
8	0	74	1
9	0	74	1
10	0	74	1
11	1	74	1
12	0	74	1
13	0	74	1
14	3	74	1
15	6	74	1
16	0	74	1
17	0	74	1
18	2	74	1
19	2	74	1
20	1	74	1
21	0	74	1
22	0	74	1
23	2	74	1
24	5	74	1
25	2	74	1
26	2	74	1
27	2	74	1
28	4	74	1
29	4	74	1
30	1	74	1
31	3	74	1
32	1	74	1
33	2	74	1
34	8	74	1
35	6	74	1
36	2	74	1
37	11	74	1
38	6	74	1
39	11	74	1
40	12	74	1
41	7	74	1
42	6	74	1
43	3	74	1
44	4	74	1
45	4	74	1
46	0	74	1
47	3	74	1
48	2	74	1
49	1	74	1
1	0	75	1
2	0	75	1
3	0	75	1
4	0	75	1
5	0	75	1
6	0	75	1
7	0	75	1
8	0	75	1
9	0	75	1
10	0	75	1
11	0	75	1
12	0	75	1
13	0	75	1
14	0	75	1
15	3	75	1
16	0	75	1
17	0	75	1
18	4	75	1
19	3	75	1
20	1	75	1
21	0	75	1
22	0	75	1
23	4	75	1
24	5	75	1
25	2	75	1
26	0	75	1
27	2	75	1
28	2	75	1
29	4	75	1
30	4	75	1
31	2	75	1
32	3	75	1
33	4	75	1
34	6	75	1
35	3	75	1
36	8	75	1
37	11	75	1
38	7	75	1
39	9	75	1
40	9	75	1
41	8	75	1
42	5	75	1
43	3	75	1
44	2	75	1
45	3	75	1
46	3	75	1
47	6	75	1
48	1	75	1
49	0	75	1
50	0	75	1
51	0	75	1
52	0	75	1
53	0	75	1
54	0	75	1
55	2	75	1
1	0	76	1
2	0	76	1
3	0	76	1
4	0	76	1
5	0	76	1
6	0	76	1
7	0	76	1
8	0	76	1
9	0	76	1
10	0	76	1
11	0	76	1
12	0	76	1
13	0	76	1
14	3	76	1
15	2	76	1
16	0	76	1
17	0	76	1
18	6	76	1
19	1	76	1
20	1	76	1
21	0	76	1
22	0	76	1
23	4	76	1
24	1	76	1
25	3	76	1
26	4	76	1
27	1	76	1
28	0	76	1
29	1	76	1
30	4	76	1
31	2	76	1
32	3	76	1
33	5	76	1
34	7	76	1
35	9	76	1
36	9	76	1
37	6	76	1
38	2	76	1
39	7	76	1
40	6	76	1
41	5	76	1
42	8	76	1
43	4	76	1
44	8	76	1
45	7	76	1
46	2	76	1
47	3	76	1
48	0	76	1
49	3	76	1
50	0	76	1
51	0	76	1
52	0	76	1
53	0	76	1
54	0	76	1
55	2	76	1
1	0	77	1
2	0	77	1
3	0	77	1
4	0	77	1
5	0	77	1
6	0	77	1
7	0	77	1
8	0	77	1
9	0	77	1
10	0	77	1
11	1	77	1
12	0	77	1
13	0	77	1
14	1	77	1
15	3	77	1
16	0	77	1
17	0	77	1
18	0	77	1
19	2	77	1
20	0	77	1
21	0	77	1
22	0	77	1
23	6	77	1
24	2	77	1
25	4	77	1
26	3	77	1
27	6	77	1
28	3	77	1
29	3	77	1
30	2	77	1
31	2	77	1
32	3	77	1
33	2	77	1
34	3	77	1
35	7	77	1
36	7	77	1
37	16	77	1
38	1	77	1
39	11	77	1
40	9	77	1
41	3	77	1
42	5	77	1
43	6	77	1
44	9	77	1
45	4	77	1
46	3	77	1
47	0	77	1
48	1	77	1
49	1	77	1
1	0	78	1
2	0	78	1
3	0	78	1
4	0	78	1
5	0	78	1
6	0	78	1
7	0	78	1
8	0	78	1
9	0	78	1
10	0	78	1
11	1	78	1
12	0	78	1
13	0	78	1
14	1	78	1
15	3	78	1
16	0	78	1
17	0	78	1
18	1	78	1
19	0	78	1
20	1	78	1
21	0	78	1
22	0	78	1
23	4	78	1
24	3	78	1
25	5	78	1
26	1	78	1
27	2	78	1
28	3	78	1
29	2	78	1
30	0	78	1
31	6	78	1
32	8	78	1
33	1	78	1
34	7	78	1
35	5	78	1
36	11	78	1
37	15	78	1
38	5	78	1
39	6	78	1
40	9	78	1
41	6	78	1
42	4	78	1
43	2	78	1
44	2	78	1
45	5	78	1
46	1	78	1
47	1	78	1
48	1	78	1
49	3	78	1
50	0	78	1
51	0	78	1
52	0	78	1
53	0	78	1
54	0	78	1
55	4	78	1
1	0	79	1
2	0	79	1
3	0	79	1
4	0	79	1
5	0	79	1
6	0	79	1
7	0	79	1
8	0	79	1
9	0	79	1
10	0	79	1
11	1	79	1
12	0	79	1
13	0	79	1
14	0	79	1
15	0	79	1
16	0	79	1
17	0	79	1
18	0	79	1
19	1	79	1
20	0	79	1
21	0	79	1
22	0	79	1
23	3	79	1
24	11	79	1
25	3	79	1
26	1	79	1
27	1	79	1
28	2	79	1
29	5	79	1
30	4	79	1
31	5	79	1
32	5	79	1
33	0	79	1
34	11	79	1
35	3	79	1
36	6	79	1
37	9	79	1
38	4	79	1
39	9	79	1
40	13	79	1
41	3	79	1
42	7	79	1
43	1	79	1
44	8	79	1
45	4	79	1
46	2	79	1
47	1	79	1
48	2	79	1
49	3	79	1
50	0	79	1
51	0	79	1
52	0	79	1
53	0	79	1
54	0	79	1
55	1	79	1
1	0	80	1
2	0	80	1
3	0	80	1
4	0	80	1
5	0	80	1
6	0	80	1
7	0	80	1
8	0	80	1
9	0	80	1
10	0	80	1
11	1	80	1
12	0	80	1
13	0	80	1
14	3	80	1
15	6	80	1
16	0	80	1
17	0	80	1
18	2	80	1
19	3	80	1
20	0	80	1
21	0	80	1
22	0	80	1
23	3	80	1
24	6	80	1
25	1	80	1
26	2	80	1
27	0	80	1
28	3	80	1
29	7	80	1
30	1	80	1
31	3	80	1
32	6	80	1
33	1	80	1
34	10	80	1
35	3	80	1
36	5	80	1
37	7	80	1
38	6	80	1
39	14	80	1
40	11	80	1
41	5	80	1
42	3	80	1
43	2	80	1
44	6	80	1
45	4	80	1
46	0	80	1
47	2	80	1
48	1	80	1
49	1	80	1
50	0	80	1
51	0	80	1
52	0	80	1
53	0	80	1
54	0	80	1
55	1	80	1
1	0	81	1
2	0	81	1
3	0	81	1
4	0	81	1
5	0	81	1
6	0	81	1
7	0	81	1
8	0	81	1
9	0	81	1
10	0	81	1
11	1	81	1
12	0	81	1
13	0	81	1
14	3	81	1
15	5	81	1
16	0	81	1
17	0	81	1
18	1	81	1
19	1	81	1
20	4	81	1
21	0	81	1
22	0	81	1
23	1	81	1
24	2	81	1
25	3	81	1
26	0	81	1
27	7	81	1
28	4	81	1
29	4	81	1
30	5	81	1
31	7	81	1
32	4	81	1
33	2	81	1
34	6	81	1
35	6	81	1
36	7	81	1
37	12	81	1
38	7	81	1
39	7	81	1
40	7	81	1
41	6	81	1
42	4	81	1
43	0	81	1
44	4	81	1
45	4	81	1
46	1	81	1
47	1	81	1
48	3	81	1
1	0	82	1
2	0	82	1
3	0	82	1
4	0	82	1
5	0	82	1
6	0	82	1
7	0	82	1
8	0	82	1
9	0	82	1
10	0	82	1
11	3	82	1
12	0	82	1
13	0	82	1
14	2	82	1
15	1	82	1
16	0	82	1
17	0	82	1
18	4	82	1
19	1	82	1
20	0	82	1
21	0	82	1
22	0	82	1
23	4	82	1
24	3	82	1
25	2	82	1
26	2	82	1
27	1	82	1
28	2	82	1
29	5	82	1
30	6	82	1
31	0	82	1
32	3	82	1
33	4	82	1
34	5	82	1
35	13	82	1
36	7	82	1
37	9	82	1
38	5	82	1
39	11	82	1
40	9	82	1
41	1	82	1
42	1	82	1
43	4	82	1
44	5	82	1
45	4	82	1
46	1	82	1
47	7	82	1
48	1	82	1
49	3	82	1
1	0	83	1
2	0	83	1
3	0	83	1
4	0	83	1
5	0	83	1
6	0	83	1
7	0	83	1
8	0	83	1
9	0	83	1
10	0	83	1
11	0	83	1
12	0	83	1
13	0	83	1
14	0	83	1
15	3	83	1
16	0	83	1
17	0	83	1
18	3	83	1
19	2	83	1
20	4	83	1
21	0	83	1
22	0	83	1
23	1	83	1
24	3	83	1
25	2	83	1
26	3	83	1
27	4	83	1
28	1	83	1
29	2	83	1
30	1	83	1
31	0	83	1
32	2	83	1
33	3	83	1
34	7	83	1
35	10	83	1
36	6	83	1
37	19	83	1
38	6	83	1
39	6	83	1
40	11	83	1
41	6	83	1
42	3	83	1
43	4	83	1
44	4	83	1
45	5	83	1
46	1	83	1
47	0	83	1
48	3	83	1
49	2	83	1
50	0	83	1
51	0	83	1
52	0	83	1
53	0	83	1
54	0	83	1
55	2	83	1
1	0	84	1
2	0	84	1
3	0	84	1
4	0	84	1
5	0	84	1
6	0	84	1
7	0	84	1
8	0	84	1
9	0	84	1
10	0	84	1
11	0	84	1
12	0	84	1
13	0	84	1
14	2	84	1
15	4	84	1
16	0	84	1
17	0	84	1
18	5	84	1
19	0	84	1
20	0	84	1
21	0	84	1
22	0	84	1
23	1	84	1
24	6	84	1
25	2	84	1
26	4	84	1
27	1	84	1
28	3	84	1
29	1	84	1
30	6	84	1
31	2	84	1
32	2	84	1
33	3	84	1
34	6	84	1
35	1	84	1
36	5	84	1
37	14	84	1
38	2	84	1
39	12	84	1
40	6	84	1
41	6	84	1
42	11	84	1
43	5	84	1
44	8	84	1
45	3	84	1
46	1	84	1
47	3	84	1
48	1	84	1
49	1	84	1
50	0	84	1
51	0	84	1
52	0	84	1
53	0	84	1
54	0	84	1
55	2	84	1
1	0	85	1
2	0	85	1
3	0	85	1
4	0	85	1
5	0	85	1
6	0	85	1
7	0	85	1
8	0	85	1
9	0	85	1
10	0	85	1
11	3	85	1
12	0	85	1
13	0	85	1
14	2	85	1
15	1	85	1
16	0	85	1
17	0	85	1
18	2	85	1
19	4	85	1
20	2	85	1
21	0	85	1
22	0	85	1
23	2	85	1
24	5	85	1
25	8	85	1
26	3	85	1
27	3	85	1
28	2	85	1
29	2	85	1
30	3	85	1
31	3	85	1
32	5	85	1
33	3	85	1
34	7	85	1
35	6	85	1
36	6	85	1
37	7	85	1
38	7	85	1
39	9	85	1
40	4	85	1
41	7	85	1
42	9	85	1
43	4	85	1
44	5	85	1
45	3	85	1
46	1	85	1
47	0	85	1
48	1	85	1
1	0	86	1
2	0	86	1
3	0	86	1
4	0	86	1
5	0	86	1
6	0	86	1
7	0	86	1
8	0	86	1
9	0	86	1
10	0	86	1
11	0	86	1
12	0	86	1
13	0	86	1
14	2	86	1
15	3	86	1
16	0	86	1
17	0	86	1
18	3	86	1
19	1	86	1
20	0	86	1
21	0	86	1
22	0	86	1
23	1	86	1
24	6	86	1
25	6	86	1
26	3	86	1
27	1	86	1
28	8	86	1
29	6	86	1
30	5	86	1
31	4	86	1
32	2	86	1
33	0	86	1
34	4	86	1
35	4	86	1
36	4	86	1
37	6	86	1
38	1	86	1
39	13	86	1
40	10	86	1
41	4	86	1
42	5	86	1
43	2	86	1
44	9	86	1
45	6	86	1
46	1	86	1
47	3	86	1
48	1	86	1
49	2	86	1
50	0	86	1
51	0	86	1
52	0	86	1
53	0	86	1
54	0	86	1
55	3	86	1
1	0	87	1
2	0	87	1
3	0	87	1
4	0	87	1
5	0	87	1
6	0	87	1
7	0	87	1
8	0	87	1
9	0	87	1
10	0	87	1
11	2	87	1
12	0	87	1
13	0	87	1
14	1	87	1
15	1	87	1
16	0	87	1
17	0	87	1
18	2	87	1
19	1	87	1
20	1	87	1
21	0	87	1
22	0	87	1
23	0	87	1
24	4	87	1
25	1	87	1
26	3	87	1
27	2	87	1
28	3	87	1
29	5	87	1
30	1	87	1
31	1	87	1
32	1	87	1
33	2	87	1
34	6	87	1
35	8	87	1
36	6	87	1
37	11	87	1
38	3	87	1
39	22	87	1
40	8	87	1
41	6	87	1
42	9	87	1
43	3	87	1
44	8	87	1
45	4	87	1
46	1	87	1
47	2	87	1
48	0	87	1
49	1	87	1
1	0	88	1
2	0	88	1
3	0	88	1
4	0	88	1
5	0	88	1
6	0	88	1
7	0	88	1
8	0	88	1
9	0	88	1
10	0	88	1
11	0	88	1
12	0	88	1
13	0	88	1
14	3	88	1
15	4	88	1
16	0	88	1
17	0	88	1
18	5	88	1
19	2	88	1
20	1	88	1
21	0	88	1
22	0	88	1
23	3	88	1
24	7	88	1
25	3	88	1
26	1	88	1
27	2	88	1
28	0	88	1
29	2	88	1
30	1	88	1
31	2	88	1
32	3	88	1
33	4	88	1
34	8	88	1
35	5	88	1
36	6	88	1
37	17	88	1
38	5	88	1
39	13	88	1
40	7	88	1
41	3	88	1
42	6	88	1
43	1	88	1
44	7	88	1
45	2	88	1
46	1	88	1
47	3	88	1
48	1	88	1
49	0	88	1
50	0	88	1
51	0	88	1
52	0	88	1
53	0	88	1
54	0	88	1
55	1	88	1
1	0	89	1
2	0	89	1
3	0	89	1
4	0	89	1
5	0	89	1
6	0	89	1
7	0	89	1
8	0	89	1
9	0	89	1
10	0	89	1
11	1	89	1
12	0	89	1
13	0	89	1
14	2	89	1
15	4	89	1
16	0	89	1
17	0	89	1
18	2	89	1
19	1	89	1
20	1	89	1
21	0	89	1
22	0	89	1
23	1	89	1
24	6	89	1
25	3	89	1
26	3	89	1
27	3	89	1
28	0	89	1
29	1	89	1
30	1	89	1
31	4	89	1
32	5	89	1
33	3	89	1
34	10	89	1
35	10	89	1
36	7	89	1
37	7	89	1
38	4	89	1
39	13	89	1
40	10	89	1
41	3	89	1
42	6	89	1
43	2	89	1
44	5	89	1
45	4	89	1
46	2	89	1
47	3	89	1
48	1	89	1
49	1	89	1
1	0	90	1
2	0	90	1
3	0	90	1
4	0	90	1
5	0	90	1
6	0	90	1
7	0	90	1
8	0	90	1
9	0	90	1
10	0	90	1
11	0	90	1
12	0	90	1
13	0	90	1
14	2	90	1
15	5	90	1
16	0	90	1
17	0	90	1
18	3	90	1
19	1	90	1
20	1	90	1
21	0	90	1
22	0	90	1
23	2	90	1
24	4	90	1
25	4	90	1
26	1	90	1
27	7	90	1
28	6	90	1
29	3	90	1
30	3	90	1
31	3	90	1
32	8	90	1
33	2	90	1
34	3	90	1
35	3	90	1
36	7	90	1
37	8	90	1
38	5	90	1
39	8	90	1
40	9	90	1
41	7	90	1
42	8	90	1
43	3	90	1
44	4	90	1
45	2	90	1
46	3	90	1
47	2	90	1
48	0	90	1
49	1	90	1
50	0	90	1
51	0	90	1
52	0	90	1
53	0	90	1
54	0	90	1
55	1	90	1
1	0	91	1
2	0	91	1
3	0	91	1
4	0	91	1
5	0	91	1
6	0	91	1
7	0	91	1
8	0	91	1
9	0	91	1
10	0	91	1
11	2	91	1
12	0	91	1
13	0	91	1
14	1	91	1
15	3	91	1
16	0	91	1
17	0	91	1
18	1	91	1
19	1	91	1
20	0	91	1
21	0	91	1
22	0	91	1
23	4	91	1
24	3	91	1
25	4	91	1
26	3	91	1
27	5	91	1
28	3	91	1
29	2	91	1
30	1	91	1
31	2	91	1
32	4	91	1
33	3	91	1
34	12	91	1
35	5	91	1
36	8	91	1
37	8	91	1
38	3	91	1
39	13	91	1
40	5	91	1
41	4	91	1
42	3	91	1
43	2	91	1
44	8	91	1
45	5	91	1
46	6	91	1
47	0	91	1
48	2	91	1
49	2	91	1
50	0	91	1
51	0	91	1
52	0	91	1
53	0	91	1
54	0	91	1
55	1	91	1
1	0	92	1
2	0	92	1
3	0	92	1
4	0	92	1
5	0	92	1
6	0	92	1
7	0	92	1
8	0	92	1
9	0	92	1
10	0	92	1
11	1	92	1
12	0	92	1
13	0	92	1
14	3	92	1
15	0	92	1
16	0	92	1
17	0	92	1
18	2	92	1
19	0	92	1
20	1	92	1
21	0	92	1
22	0	92	1
23	1	92	1
24	5	92	1
25	5	92	1
26	1	92	1
27	3	92	1
28	4	92	1
29	2	92	1
30	4	92	1
31	2	92	1
32	5	92	1
33	3	92	1
34	6	92	1
35	3	92	1
36	9	92	1
37	12	92	1
38	4	92	1
39	10	92	1
40	9	92	1
41	5	92	1
42	6	92	1
43	4	92	1
44	11	92	1
45	2	92	1
46	2	92	1
47	2	92	1
48	1	92	1
49	0	92	1
50	0	92	1
51	0	92	1
52	0	92	1
53	0	92	1
54	0	92	1
55	1	92	1
1	0	93	1
2	0	93	1
3	0	93	1
4	0	93	1
5	0	93	1
6	0	93	1
7	0	93	1
8	0	93	1
9	0	93	1
10	0	93	1
11	1	93	1
12	0	93	1
13	0	93	1
14	2	93	1
15	8	93	1
16	0	93	1
17	0	93	1
18	3	93	1
19	1	93	1
20	2	93	1
21	0	93	1
22	0	93	1
23	1	93	1
24	3	93	1
25	2	93	1
26	3	93	1
27	3	93	1
28	2	93	1
29	7	93	1
30	3	93	1
31	3	93	1
32	3	93	1
33	1	93	1
34	8	93	1
35	6	93	1
36	8	93	1
37	15	93	1
38	5	93	1
39	8	93	1
40	12	93	1
41	3	93	1
42	3	93	1
43	1	93	1
44	3	93	1
45	2	93	1
46	1	93	1
47	3	93	1
48	1	93	1
49	1	93	1
50	0	93	1
51	0	93	1
52	0	93	1
53	0	93	1
54	0	93	1
55	1	93	1
1	0	94	1
2	0	94	1
3	0	94	1
4	0	94	1
5	0	94	1
6	0	94	1
7	0	94	1
8	0	94	1
9	0	94	1
10	0	94	1
11	3	94	1
12	0	94	1
13	0	94	1
14	2	94	1
15	1	94	1
16	0	94	1
17	0	94	1
18	2	94	1
19	0	94	1
20	1	94	1
21	0	94	1
22	0	94	1
23	2	94	1
24	7	94	1
25	2	94	1
26	1	94	1
27	5	94	1
28	2	94	1
29	4	94	1
30	4	94	1
31	4	94	1
32	3	94	1
33	6	94	1
34	7	94	1
35	6	94	1
36	8	94	1
37	8	94	1
38	6	94	1
39	8	94	1
40	3	94	1
41	3	94	1
42	5	94	1
43	4	94	1
44	9	94	1
45	3	94	1
46	5	94	1
47	3	94	1
48	0	94	1
49	1	94	1
50	0	94	1
51	0	94	1
52	0	94	1
53	0	94	1
54	0	94	1
55	1	94	1
1	0	95	1
2	0	95	1
3	0	95	1
4	0	95	1
5	0	95	1
6	0	95	1
7	0	95	1
8	0	95	1
9	0	95	1
10	0	95	1
11	0	95	1
12	0	95	1
13	0	95	1
14	3	95	1
15	2	95	1
16	0	95	1
17	0	95	1
18	0	95	1
19	0	95	1
20	2	95	1
21	0	95	1
22	0	95	1
23	6	95	1
24	4	95	1
25	5	95	1
26	3	95	1
27	2	95	1
28	3	95	1
29	5	95	1
30	3	95	1
31	4	95	1
32	7	95	1
33	0	95	1
34	8	95	1
35	4	95	1
36	9	95	1
37	8	95	1
38	5	95	1
39	11	95	1
40	7	95	1
41	3	95	1
42	5	95	1
43	5	95	1
44	5	95	1
45	5	95	1
46	1	95	1
47	2	95	1
48	0	95	1
49	2	95	1
1	0	96	1
2	0	96	1
3	0	96	1
4	0	96	1
5	0	96	1
6	0	96	1
7	0	96	1
8	0	96	1
9	0	96	1
10	0	96	1
11	1	96	1
12	0	96	1
13	0	96	1
14	2	96	1
15	6	96	1
16	0	96	1
17	0	96	1
18	0	96	1
19	4	96	1
20	0	96	1
21	0	96	1
22	0	96	1
23	5	96	1
24	4	96	1
25	3	96	1
26	3	96	1
27	4	96	1
28	2	96	1
29	8	96	1
30	2	96	1
31	1	96	1
32	1	96	1
33	3	96	1
34	5	96	1
35	7	96	1
36	6	96	1
37	14	96	1
38	4	96	1
39	9	96	1
40	6	96	1
41	2	96	1
42	5	96	1
43	2	96	1
44	8	96	1
45	5	96	1
46	3	96	1
47	2	96	1
48	1	96	1
49	1	96	1
1	0	97	1
2	0	97	1
3	0	97	1
4	0	97	1
5	0	97	1
6	0	97	1
7	0	97	1
8	0	97	1
9	0	97	1
10	0	97	1
11	0	97	1
12	0	97	1
13	0	97	1
14	2	97	1
15	2	97	1
16	0	97	1
17	0	97	1
18	2	97	1
19	1	97	1
20	0	97	1
21	0	97	1
22	0	97	1
23	3	97	1
24	1	97	1
25	2	97	1
26	2	97	1
27	3	97	1
28	4	97	1
29	7	97	1
30	5	97	1
31	2	97	1
32	4	97	1
33	2	97	1
34	8	97	1
35	5	97	1
36	9	97	1
37	13	97	1
38	6	97	1
39	8	97	1
40	3	97	1
41	7	97	1
42	5	97	1
43	3	97	1
44	4	97	1
45	2	97	1
46	1	97	1
47	8	97	1
48	2	97	1
49	1	97	1
50	0	97	1
51	0	97	1
52	0	97	1
53	0	97	1
54	0	97	1
55	2	97	1
1	0	98	1
2	0	98	1
3	0	98	1
4	0	98	1
5	0	98	1
6	0	98	1
7	0	98	1
8	0	98	1
9	0	98	1
10	0	98	1
11	3	98	1
12	0	98	1
13	0	98	1
14	1	98	1
15	3	98	1
16	0	98	1
17	0	98	1
18	4	98	1
19	2	98	1
20	4	98	1
21	0	98	1
22	0	98	1
23	4	98	1
24	8	98	1
25	2	98	1
26	2	98	1
27	1	98	1
28	9	98	1
29	3	98	1
30	2	98	1
31	2	98	1
32	2	98	1
33	2	98	1
34	6	98	1
35	5	98	1
36	5	98	1
37	9	98	1
38	4	98	1
39	10	98	1
40	8	98	1
41	4	98	1
42	7	98	1
43	1	98	1
44	8	98	1
45	2	98	1
46	2	98	1
47	1	98	1
48	1	98	1
49	0	98	1
50	0	98	1
51	0	98	1
52	0	98	1
53	0	98	1
54	0	98	1
55	2	98	1
1	0	99	1
2	0	99	1
3	0	99	1
4	0	99	1
5	0	99	1
6	0	99	1
7	0	99	1
8	0	99	1
9	0	99	1
10	0	99	1
11	2	99	1
12	0	99	1
13	0	99	1
14	0	99	1
15	2	99	1
16	0	99	1
17	0	99	1
18	6	99	1
19	2	99	1
20	1	99	1
21	0	99	1
22	0	99	1
23	5	99	1
24	4	99	1
25	2	99	1
26	0	99	1
27	1	99	1
28	6	99	1
29	2	99	1
30	6	99	1
31	1	99	1
32	6	99	1
33	0	99	1
34	8	99	1
35	4	99	1
36	6	99	1
37	16	99	1
38	7	99	1
39	11	99	1
40	5	99	1
41	6	99	1
42	5	99	1
43	0	99	1
44	5	99	1
45	4	99	1
46	2	99	1
47	4	99	1
1	0	100	1
2	0	100	1
3	0	100	1
4	0	100	1
5	0	100	1
6	0	100	1
7	0	100	1
8	0	100	1
9	0	100	1
10	0	100	1
11	0	100	1
12	0	100	1
13	0	100	1
14	3	100	1
15	4	100	1
16	0	100	1
17	0	100	1
18	3	100	1
19	1	100	1
20	1	100	1
21	0	100	1
22	0	100	1
23	6	100	1
24	4	100	1
25	4	100	1
26	4	100	1
27	2	100	1
28	4	100	1
29	3	100	1
30	3	100	1
31	2	100	1
32	4	100	1
33	3	100	1
34	7	100	1
35	4	100	1
36	9	100	1
37	9	100	1
38	3	100	1
39	11	100	1
40	6	100	1
41	4	100	1
42	4	100	1
43	3	100	1
44	10	100	1
45	3	100	1
46	2	100	1
47	3	100	1
1	0	101	1
2	0	101	1
3	0	101	1
4	0	101	1
5	0	101	1
6	0	101	1
7	0	101	1
8	0	101	1
9	0	101	1
10	0	101	1
11	2	101	1
12	0	101	1
13	0	101	1
14	4	101	1
15	5	101	1
16	0	101	1
17	0	101	1
18	5	101	1
19	0	101	1
20	0	101	1
21	0	101	1
22	0	101	1
23	4	101	1
24	5	101	1
25	3	101	1
26	1	101	1
27	2	101	1
28	6	101	1
29	4	101	1
30	3	101	1
31	4	101	1
32	5	101	1
33	5	101	1
34	8	101	1
35	6	101	1
36	3	101	1
37	10	101	1
38	2	101	1
39	4	101	1
40	9	101	1
41	8	101	1
42	5	101	1
43	2	101	1
44	4	101	1
45	4	101	1
46	0	101	1
47	3	101	1
48	2	101	1
49	0	101	1
50	0	101	1
51	0	101	1
52	0	101	1
53	0	101	1
54	0	101	1
55	1	101	1
1	0	102	1
2	0	102	1
3	0	102	1
4	0	102	1
5	0	102	1
6	0	102	1
7	0	102	1
8	0	102	1
9	0	102	1
10	0	102	1
11	0	102	1
12	0	102	1
13	0	102	1
14	5	102	1
15	4	102	1
16	0	102	1
17	0	102	1
18	3	102	1
19	0	102	1
20	2	102	1
21	0	102	1
22	0	102	1
23	2	102	1
24	4	102	1
25	5	102	1
26	3	102	1
27	4	102	1
28	4	102	1
29	4	102	1
30	1	102	1
31	1	102	1
32	6	102	1
33	3	102	1
34	7	102	1
35	6	102	1
36	3	102	1
37	9	102	1
38	3	102	1
39	13	102	1
40	10	102	1
41	3	102	1
42	6	102	1
43	2	102	1
44	5	102	1
45	4	102	1
46	3	102	1
47	2	102	1
48	0	102	1
49	1	102	1
50	0	102	1
51	0	102	1
52	0	102	1
53	0	102	1
54	0	102	1
55	1	102	1
1	0	103	1
2	0	103	1
3	0	103	1
4	0	103	1
5	0	103	1
6	0	103	1
7	0	103	1
8	0	103	1
9	0	103	1
10	0	103	1
11	2	103	1
12	0	103	1
13	0	103	1
14	2	103	1
15	6	103	1
16	0	103	1
17	0	103	1
18	3	103	1
19	2	103	1
20	0	103	1
21	0	103	1
22	0	103	1
23	6	103	1
24	3	103	1
25	4	103	1
26	1	103	1
27	2	103	1
28	6	103	1
29	2	103	1
30	5	103	1
31	1	103	1
32	3	103	1
33	4	103	1
34	4	103	1
35	9	103	1
36	1	103	1
37	10	103	1
38	8	103	1
39	11	103	1
40	7	103	1
41	2	103	1
42	4	103	1
43	4	103	1
44	7	103	1
45	1	103	1
46	5	103	1
47	2	103	1
48	1	103	1
49	1	103	1
1	0	104	1
2	0	104	1
3	0	104	1
4	0	104	1
5	0	104	1
6	0	104	1
7	0	104	1
8	0	104	1
9	0	104	1
10	0	104	1
11	1	104	1
12	0	104	1
13	0	104	1
14	0	104	1
15	1	104	1
16	0	104	1
17	0	104	1
18	1	104	1
19	3	104	1
20	2	104	1
21	0	104	1
22	0	104	1
23	6	104	1
24	7	104	1
25	4	104	1
26	2	104	1
27	1	104	1
28	4	104	1
29	4	104	1
30	6	104	1
31	2	104	1
32	6	104	1
33	2	104	1
34	5	104	1
35	4	104	1
36	7	104	1
37	11	104	1
38	6	104	1
39	10	104	1
40	5	104	1
41	1	104	1
42	4	104	1
43	4	104	1
44	8	104	1
45	2	104	1
46	3	104	1
47	4	104	1
48	1	104	1
49	1	104	1
50	0	104	1
51	0	104	1
52	0	104	1
53	0	104	1
54	0	104	1
55	1	104	1
1	0	105	1
2	0	105	1
3	0	105	1
4	0	105	1
5	0	105	1
6	0	105	1
7	0	105	1
8	0	105	1
9	0	105	1
10	0	105	1
11	1	105	1
12	0	105	1
13	0	105	1
14	2	105	1
15	3	105	1
16	0	105	1
17	0	105	1
18	5	105	1
19	0	105	1
20	1	105	1
21	0	105	1
22	0	105	1
23	6	105	1
24	6	105	1
25	2	105	1
26	1	105	1
27	4	105	1
28	4	105	1
29	3	105	1
30	2	105	1
31	4	105	1
32	1	105	1
33	4	105	1
34	9	105	1
35	8	105	1
36	10	105	1
37	9	105	1
38	2	105	1
39	10	105	1
40	10	105	1
41	1	105	1
42	3	105	1
43	3	105	1
44	8	105	1
45	4	105	1
46	1	105	1
47	2	105	1
1	0	106	1
2	0	106	1
3	0	106	1
4	0	106	1
5	0	106	1
6	0	106	1
7	0	106	1
8	0	106	1
9	0	106	1
10	0	106	1
11	1	106	1
12	0	106	1
13	0	106	1
14	1	106	1
15	2	106	1
16	0	106	1
17	0	106	1
18	3	106	1
19	1	106	1
20	1	106	1
21	0	106	1
22	0	106	1
23	1	106	1
24	6	106	1
25	1	106	1
26	4	106	1
27	3	106	1
28	3	106	1
29	3	106	1
30	4	106	1
31	2	106	1
32	3	106	1
33	0	106	1
34	5	106	1
35	7	106	1
36	6	106	1
37	7	106	1
38	5	106	1
39	17	106	1
40	8	106	1
41	5	106	1
42	6	106	1
43	3	106	1
44	6	106	1
45	7	106	1
46	4	106	1
47	3	106	1
48	1	106	1
1	0	107	1
2	0	107	1
3	0	107	1
4	0	107	1
5	0	107	1
6	0	107	1
7	0	107	1
8	0	107	1
9	0	107	1
10	0	107	1
11	2	107	1
12	0	107	1
13	0	107	1
14	4	107	1
15	6	107	1
16	0	107	1
17	0	107	1
18	4	107	1
19	2	107	1
20	1	107	1
21	0	107	1
22	0	107	1
23	2	107	1
24	2	107	1
25	7	107	1
26	2	107	1
27	2	107	1
28	7	107	1
29	2	107	1
30	3	107	1
31	3	107	1
32	3	107	1
33	1	107	1
34	6	107	1
35	8	107	1
36	11	107	1
37	6	107	1
38	4	107	1
39	8	107	1
40	6	107	1
41	3	107	1
42	2	107	1
43	7	107	1
44	4	107	1
45	1	107	1
46	4	107	1
47	2	107	1
48	0	107	1
49	1	107	1
50	0	107	1
51	0	107	1
52	0	107	1
53	0	107	1
54	0	107	1
55	3	107	1
1	0	108	1
2	0	108	1
3	0	108	1
4	0	108	1
5	0	108	1
6	0	108	1
7	0	108	1
8	0	108	1
9	0	108	1
10	0	108	1
11	1	108	1
12	0	108	1
13	0	108	1
14	0	108	1
15	1	108	1
16	0	108	1
17	0	108	1
18	4	108	1
19	2	108	1
20	2	108	1
21	0	108	1
22	0	108	1
23	4	108	1
24	4	108	1
25	6	108	1
26	3	108	1
27	3	108	1
28	3	108	1
29	3	108	1
30	3	108	1
31	3	108	1
32	7	108	1
33	6	108	1
34	7	108	1
35	2	108	1
36	9	108	1
37	9	108	1
38	7	108	1
39	8	108	1
40	8	108	1
41	4	108	1
42	5	108	1
43	1	108	1
44	7	108	1
45	1	108	1
46	1	108	1
47	2	108	1
48	2	108	1
49	1	108	1
1	0	109	1
2	0	109	1
3	0	109	1
4	0	109	1
5	0	109	1
6	0	109	1
7	0	109	1
8	0	109	1
9	0	109	1
10	0	109	1
11	1	109	1
12	0	109	1
13	0	109	1
14	2	109	1
15	4	109	1
16	0	109	1
17	0	109	1
18	3	109	1
19	2	109	1
20	0	109	1
21	0	109	1
22	0	109	1
23	2	109	1
24	2	109	1
25	3	109	1
26	3	109	1
27	3	109	1
28	4	109	1
29	7	109	1
30	3	109	1
31	5	109	1
32	3	109	1
33	5	109	1
34	7	109	1
35	4	109	1
36	11	109	1
37	6	109	1
38	5	109	1
39	10	109	1
40	10	109	1
41	3	109	1
42	3	109	1
43	2	109	1
44	7	109	1
45	2	109	1
46	0	109	1
47	4	109	1
48	1	109	1
49	1	109	1
50	0	109	1
51	0	109	1
52	0	109	1
53	0	109	1
54	0	109	1
55	1	109	1
1	0	110	1
2	0	110	1
3	0	110	1
4	0	110	1
5	0	110	1
6	0	110	1
7	0	110	1
8	0	110	1
9	0	110	1
10	0	110	1
11	1	110	1
12	0	110	1
13	0	110	1
14	2	110	1
15	2	110	1
16	0	110	1
17	0	110	1
18	3	110	1
19	2	110	1
20	0	110	1
21	0	110	1
22	0	110	1
23	1	110	1
24	3	110	1
25	6	110	1
26	2	110	1
27	3	110	1
28	4	110	1
29	2	110	1
30	2	110	1
31	3	110	1
32	9	110	1
33	2	110	1
34	12	110	1
35	8	110	1
36	6	110	1
37	7	110	1
38	1	110	1
39	8	110	1
40	11	110	1
41	2	110	1
42	10	110	1
43	2	110	1
44	5	110	1
45	6	110	1
46	0	110	1
47	2	110	1
48	0	110	1
49	2	110	1
1	0	111	1
2	0	111	1
3	0	111	1
4	0	111	1
5	0	111	1
6	0	111	1
7	0	111	1
8	0	111	1
9	0	111	1
10	0	111	1
11	1	111	1
12	0	111	1
13	0	111	1
14	3	111	1
15	3	111	1
16	0	111	1
17	0	111	1
18	4	111	1
19	2	111	1
20	0	111	1
21	0	111	1
22	0	111	1
23	4	111	1
24	8	111	1
25	3	111	1
26	4	111	1
27	0	111	1
28	6	111	1
29	3	111	1
30	0	111	1
31	4	111	1
32	11	111	1
33	1	111	1
34	7	111	1
35	5	111	1
36	3	111	1
37	7	111	1
38	1	111	1
39	5	111	1
40	11	111	1
41	3	111	1
42	6	111	1
43	3	111	1
44	6	111	1
45	6	111	1
46	3	111	1
47	4	111	1
48	0	111	1
49	2	111	1
1	0	112	1
2	0	112	1
3	0	112	1
4	0	112	1
5	0	112	1
6	0	112	1
7	0	112	1
8	0	112	1
9	0	112	1
10	0	112	1
11	1	112	1
12	0	112	1
13	0	112	1
14	2	112	1
15	3	112	1
16	0	112	1
17	0	112	1
18	3	112	1
19	0	112	1
20	1	112	1
21	0	112	1
22	0	112	1
23	1	112	1
24	6	112	1
25	2	112	1
26	4	112	1
27	3	112	1
28	2	112	1
29	5	112	1
30	5	112	1
31	1	112	1
32	5	112	1
33	4	112	1
34	8	112	1
35	7	112	1
36	9	112	1
37	9	112	1
38	7	112	1
39	14	112	1
40	4	112	1
41	4	112	1
42	3	112	1
43	5	112	1
44	7	112	1
45	0	112	1
46	0	112	1
47	2	112	1
48	1	112	1
49	1	112	1
1	0	113	1
2	0	113	1
3	0	113	1
4	0	113	1
5	0	113	1
6	0	113	1
7	0	113	1
8	0	113	1
9	0	113	1
10	0	113	1
11	3	113	1
12	0	113	1
13	0	113	1
14	2	113	1
15	7	113	1
16	0	113	1
17	0	113	1
18	4	113	1
19	0	113	1
20	2	113	1
21	0	113	1
22	0	113	1
23	1	113	1
24	3	113	1
25	2	113	1
26	0	113	1
27	3	113	1
28	5	113	1
29	2	113	1
30	4	113	1
31	1	113	1
32	1	113	1
33	3	113	1
34	6	113	1
35	9	113	1
36	5	113	1
37	11	113	1
38	5	113	1
39	7	113	1
40	9	113	1
41	5	113	1
42	8	113	1
43	2	113	1
44	7	113	1
45	5	113	1
46	2	113	1
47	3	113	1
48	0	113	1
49	1	113	1
50	0	113	1
51	0	113	1
52	0	113	1
53	0	113	1
54	0	113	1
55	1	113	1
1	0	114	1
2	0	114	1
3	0	114	1
4	0	114	1
5	0	114	1
6	0	114	1
7	0	114	1
8	0	114	1
9	0	114	1
10	0	114	1
11	4	114	1
12	0	114	1
13	0	114	1
14	3	114	1
15	2	114	1
16	0	114	1
17	0	114	1
18	2	114	1
19	1	114	1
20	0	114	1
21	0	114	1
22	0	114	1
23	4	114	1
24	2	114	1
25	2	114	1
26	3	114	1
27	2	114	1
28	4	114	1
29	4	114	1
30	4	114	1
31	2	114	1
32	6	114	1
33	4	114	1
34	6	114	1
35	5	114	1
36	1	114	1
37	13	114	1
38	7	114	1
39	16	114	1
40	6	114	1
41	4	114	1
42	2	114	1
43	3	114	1
44	8	114	1
45	1	114	1
46	2	114	1
47	3	114	1
48	0	114	1
49	2	114	1
50	0	114	1
51	0	114	1
52	0	114	1
53	0	114	1
54	0	114	1
55	1	114	1
1	0	115	1
2	0	115	1
3	0	115	1
4	0	115	1
5	0	115	1
6	0	115	1
7	0	115	1
8	0	115	1
9	0	115	1
10	0	115	1
11	0	115	1
12	0	115	1
13	0	115	1
14	2	115	1
15	3	115	1
16	0	115	1
17	0	115	1
18	3	115	1
19	1	115	1
20	3	115	1
21	0	115	1
22	0	115	1
23	2	115	1
24	5	115	1
25	2	115	1
26	1	115	1
27	4	115	1
28	3	115	1
29	4	115	1
30	0	115	1
31	3	115	1
32	5	115	1
33	1	115	1
34	7	115	1
35	4	115	1
36	3	115	1
37	11	115	1
38	8	115	1
39	9	115	1
40	11	115	1
41	5	115	1
42	4	115	1
43	3	115	1
44	5	115	1
45	2	115	1
46	1	115	1
47	7	115	1
48	4	115	1
49	1	115	1
50	0	115	1
51	0	115	1
52	0	115	1
53	0	115	1
54	0	115	1
55	2	115	1
1	0	116	1
2	0	116	1
3	0	116	1
4	0	116	1
5	0	116	1
6	0	116	1
7	0	116	1
8	0	116	1
9	0	116	1
10	0	116	1
11	0	116	1
12	0	116	1
13	0	116	1
14	2	116	1
15	2	116	1
16	0	116	1
17	0	116	1
18	4	116	1
19	1	116	1
20	0	116	1
21	0	116	1
22	0	116	1
23	2	116	1
24	7	116	1
25	2	116	1
26	1	116	1
27	1	116	1
28	6	116	1
29	6	116	1
30	2	116	1
31	2	116	1
32	2	116	1
33	5	116	1
34	8	116	1
35	3	116	1
36	8	116	1
37	10	116	1
38	5	116	1
39	13	116	1
40	12	116	1
41	5	116	1
42	4	116	1
43	0	116	1
44	6	116	1
45	2	116	1
46	1	116	1
47	4	116	1
48	1	116	1
49	1	116	1
50	0	116	1
51	0	116	1
52	0	116	1
53	0	116	1
54	0	116	1
55	1	116	1
1	0	117	1
2	0	117	1
3	0	117	1
4	0	117	1
5	0	117	1
6	0	117	1
7	0	117	1
8	0	117	1
9	0	117	1
10	0	117	1
11	1	117	1
12	0	117	1
13	0	117	1
14	0	117	1
15	2	117	1
16	0	117	1
17	0	117	1
18	4	117	1
19	1	117	1
20	3	117	1
21	0	117	1
22	0	117	1
23	4	117	1
24	8	117	1
25	2	117	1
26	3	117	1
27	5	117	1
28	2	117	1
29	2	117	1
30	5	117	1
31	5	117	1
32	1	117	1
33	5	117	1
34	5	117	1
35	8	117	1
36	10	117	1
37	5	117	1
38	7	117	1
39	8	117	1
40	3	117	1
41	4	117	1
42	4	117	1
43	6	117	1
44	4	117	1
45	4	117	1
46	4	117	1
47	3	117	1
48	0	117	1
49	1	117	1
1	0	118	1
2	0	118	1
3	0	118	1
4	0	118	1
5	0	118	1
6	0	118	1
7	0	118	1
8	0	118	1
9	0	118	1
10	0	118	1
11	3	118	1
12	0	118	1
13	0	118	1
14	5	118	1
15	5	118	1
16	0	118	1
17	0	118	1
18	2	118	1
19	0	118	1
20	1	118	1
21	0	118	1
22	0	118	1
23	4	118	1
24	5	118	1
25	1	118	1
26	2	118	1
27	2	118	1
28	3	118	1
29	3	118	1
30	4	118	1
31	4	118	1
32	1	118	1
33	5	118	1
34	4	118	1
35	4	118	1
36	12	118	1
37	9	118	1
38	7	118	1
39	8	118	1
40	12	118	1
41	4	118	1
42	5	118	1
43	4	118	1
44	5	118	1
45	0	118	1
46	0	118	1
47	3	118	1
48	0	118	1
49	0	118	1
50	0	118	1
51	0	118	1
52	0	118	1
53	0	118	1
54	0	118	1
55	2	118	1
1	0	119	1
2	0	119	1
3	0	119	1
4	0	119	1
5	0	119	1
6	0	119	1
7	0	119	1
8	0	119	1
9	0	119	1
10	0	119	1
11	0	119	1
12	0	119	1
13	0	119	1
14	3	119	1
15	4	119	1
16	0	119	1
17	0	119	1
18	3	119	1
19	2	119	1
20	1	119	1
21	0	119	1
22	0	119	1
23	2	119	1
24	9	119	1
25	5	119	1
26	3	119	1
27	4	119	1
28	2	119	1
29	1	119	1
30	2	119	1
31	0	119	1
32	1	119	1
33	2	119	1
34	8	119	1
35	8	119	1
36	9	119	1
37	5	119	1
38	4	119	1
39	9	119	1
40	7	119	1
41	5	119	1
42	5	119	1
43	5	119	1
44	3	119	1
45	9	119	1
46	3	119	1
47	2	119	1
48	2	119	1
49	1	119	1
1	0	120	1
2	0	120	1
3	0	120	1
4	0	120	1
5	0	120	1
6	0	120	1
7	0	120	1
8	0	120	1
9	0	120	1
10	0	120	1
11	0	120	1
12	0	120	1
13	0	120	1
14	1	120	1
15	0	120	1
16	0	120	1
17	0	120	1
18	3	120	1
19	1	120	1
20	0	120	1
21	0	120	1
22	0	120	1
23	3	120	1
24	6	120	1
25	6	120	1
26	2	120	1
27	4	120	1
28	0	120	1
29	7	120	1
30	0	120	1
31	5	120	1
32	5	120	1
33	1	120	1
34	6	120	1
35	6	120	1
36	5	120	1
37	11	120	1
38	4	120	1
39	10	120	1
40	9	120	1
41	9	120	1
42	4	120	1
43	3	120	1
44	6	120	1
45	2	120	1
46	4	120	1
47	2	120	1
48	0	120	1
49	2	120	1
50	0	120	1
51	0	120	1
52	0	120	1
53	0	120	1
54	0	120	1
55	2	120	1
1	0	121	1
2	0	121	1
3	0	121	1
4	0	121	1
5	0	121	1
6	0	121	1
7	0	121	1
8	0	121	1
9	0	121	1
10	0	121	1
11	1	121	1
12	0	121	1
13	0	121	1
14	2	121	1
15	1	121	1
16	0	121	1
17	0	121	1
18	5	121	1
19	0	121	1
20	0	121	1
21	0	121	1
22	0	121	1
23	1	121	1
24	5	121	1
25	3	121	1
26	0	121	1
27	1	121	1
28	3	121	1
29	4	121	1
30	4	121	1
31	3	121	1
32	7	121	1
33	1	121	1
34	7	121	1
35	5	121	1
36	8	121	1
37	11	121	1
38	4	121	1
39	13	121	1
40	9	121	1
41	4	121	1
42	7	121	1
43	3	121	1
44	8	121	1
45	3	121	1
46	0	121	1
47	5	121	1
48	1	121	1
1	0	122	1
2	0	122	1
3	0	122	1
4	0	122	1
5	0	122	1
6	0	122	1
7	0	122	1
8	0	122	1
9	0	122	1
10	0	122	1
11	1	122	1
12	0	122	1
13	0	122	1
14	2	122	1
15	3	122	1
16	0	122	1
17	0	122	1
18	2	122	1
19	1	122	1
20	0	122	1
21	0	122	1
22	0	122	1
23	4	122	1
24	5	122	1
25	6	122	1
26	2	122	1
27	1	122	1
28	3	122	1
29	7	122	1
30	5	122	1
31	1	122	1
32	8	122	1
33	4	122	1
34	9	122	1
35	7	122	1
36	4	122	1
37	6	122	1
38	3	122	1
39	11	122	1
40	9	122	1
41	5	122	1
42	5	122	1
43	3	122	1
44	2	122	1
45	4	122	1
46	3	122	1
47	2	122	1
48	0	122	1
49	1	122	1
1	0	123	1
2	0	123	1
3	0	123	1
4	0	123	1
5	0	123	1
6	0	123	1
7	0	123	1
8	0	123	1
9	0	123	1
10	0	123	1
11	1	123	1
12	0	123	1
13	0	123	1
14	1	123	1
15	3	123	1
16	0	123	1
17	0	123	1
18	2	123	1
19	4	123	1
20	1	123	1
21	0	123	1
22	0	123	1
23	3	123	1
24	4	123	1
25	5	123	1
26	2	123	1
27	3	123	1
28	4	123	1
29	3	123	1
30	2	123	1
31	1	123	1
32	4	123	1
33	4	123	1
34	6	123	1
35	7	123	1
36	5	123	1
37	8	123	1
38	3	123	1
39	6	123	1
40	11	123	1
41	5	123	1
42	5	123	1
43	3	123	1
44	10	123	1
45	3	123	1
46	2	123	1
47	3	123	1
48	2	123	1
49	1	123	1
50	0	123	1
51	0	123	1
52	0	123	1
53	0	123	1
54	0	123	1
55	2	123	1
1	0	124	1
2	0	124	1
3	0	124	1
4	0	124	1
5	0	124	1
6	0	124	1
7	0	124	1
8	0	124	1
9	0	124	1
10	0	124	1
11	1	124	1
12	0	124	1
13	0	124	1
14	3	124	1
15	4	124	1
16	0	124	1
17	0	124	1
18	3	124	1
19	0	124	1
20	3	124	1
21	0	124	1
22	0	124	1
23	1	124	1
24	7	124	1
25	1	124	1
26	3	124	1
27	5	124	1
28	3	124	1
29	4	124	1
30	2	124	1
31	2	124	1
32	3	124	1
33	4	124	1
34	9	124	1
35	5	124	1
36	7	124	1
37	8	124	1
38	3	124	1
39	7	124	1
40	9	124	1
41	4	124	1
42	4	124	1
43	4	124	1
44	4	124	1
45	4	124	1
46	3	124	1
47	2	124	1
48	3	124	1
49	2	124	1
50	0	124	1
51	0	124	1
52	0	124	1
53	0	124	1
54	0	124	1
55	2	124	1
1	0	125	1
2	0	125	1
3	0	125	1
4	0	125	1
5	0	125	1
6	0	125	1
7	0	125	1
8	0	125	1
9	0	125	1
10	0	125	1
11	0	125	1
12	0	125	1
13	0	125	1
14	2	125	1
15	1	125	1
16	0	125	1
17	0	125	1
18	3	125	1
19	1	125	1
20	0	125	1
21	0	125	1
22	0	125	1
23	1	125	1
24	8	125	1
25	3	125	1
26	3	125	1
27	3	125	1
28	6	125	1
29	6	125	1
30	0	125	1
31	5	125	1
32	5	125	1
33	3	125	1
34	8	125	1
35	6	125	1
36	6	125	1
37	6	125	1
38	5	125	1
39	6	125	1
40	12	125	1
41	7	125	1
42	7	125	1
43	4	125	1
44	5	125	1
45	3	125	1
46	0	125	1
47	2	125	1
48	1	125	1
49	0	125	1
50	0	125	1
51	0	125	1
52	0	125	1
53	0	125	1
54	0	125	1
55	1	125	1
1	0	126	1
2	0	126	1
3	0	126	1
4	0	126	1
5	0	126	1
6	0	126	1
7	0	126	1
8	0	126	1
9	0	126	1
10	0	126	1
11	0	126	1
12	0	126	1
13	0	126	1
14	3	126	1
15	2	126	1
16	0	126	1
17	0	126	1
18	7	126	1
19	0	126	1
20	0	126	1
21	0	126	1
22	0	126	1
23	7	126	1
24	7	126	1
25	6	126	1
26	1	126	1
27	3	126	1
28	3	126	1
29	5	126	1
30	4	126	1
31	3	126	1
32	5	126	1
33	0	126	1
34	8	126	1
35	4	126	1
36	3	126	1
37	8	126	1
38	4	126	1
39	10	126	1
40	7	126	1
41	3	126	1
42	2	126	1
43	3	126	1
44	8	126	1
45	6	126	1
46	3	126	1
47	1	126	1
48	1	126	1
49	2	126	1
1	0	127	1
2	0	127	1
3	0	127	1
4	0	127	1
5	0	127	1
6	0	127	1
7	0	127	1
8	0	127	1
9	0	127	1
10	0	127	1
11	0	127	1
12	0	127	1
13	0	127	1
14	2	127	1
15	1	127	1
16	0	127	1
17	0	127	1
18	4	127	1
19	1	127	1
20	2	127	1
21	0	127	1
22	0	127	1
23	3	127	1
24	5	127	1
25	2	127	1
26	3	127	1
27	3	127	1
28	6	127	1
29	4	127	1
30	4	127	1
31	2	127	1
32	5	127	1
33	2	127	1
34	6	127	1
35	5	127	1
36	4	127	1
37	11	127	1
38	4	127	1
39	9	127	1
40	8	127	1
41	3	127	1
42	5	127	1
43	4	127	1
44	8	127	1
45	3	127	1
46	2	127	1
47	5	127	1
48	0	127	1
49	2	127	1
50	0	127	1
51	0	127	1
52	0	127	1
53	0	127	1
54	0	127	1
55	1	127	1
1	0	128	1
2	0	128	1
3	0	128	1
4	0	128	1
5	0	128	1
6	0	128	1
7	0	128	1
8	0	128	1
9	0	128	1
10	0	128	1
11	1	128	1
12	0	128	1
13	0	128	1
14	0	128	1
15	4	128	1
16	0	128	1
17	0	128	1
18	5	128	1
19	1	128	1
20	0	128	1
21	0	128	1
22	0	128	1
23	3	128	1
24	3	128	1
25	1	128	1
26	2	128	1
27	5	128	1
28	1	128	1
29	7	128	1
30	2	128	1
31	3	128	1
32	3	128	1
33	2	128	1
34	7	128	1
35	6	128	1
36	8	128	1
37	13	128	1
38	0	128	1
39	13	128	1
40	11	128	1
41	1	128	1
42	8	128	1
43	1	128	1
44	3	128	1
45	4	128	1
46	1	128	1
47	5	128	1
48	0	128	1
49	2	128	1
50	0	128	1
51	0	128	1
52	0	128	1
53	0	128	1
54	0	128	1
55	3	128	1
1	0	129	1
2	0	129	1
3	0	129	1
4	0	129	1
5	0	129	1
6	0	129	1
7	0	129	1
8	0	129	1
9	0	129	1
10	0	129	1
11	3	129	1
12	0	129	1
13	0	129	1
14	1	129	1
15	2	129	1
16	0	129	1
17	0	129	1
18	5	129	1
19	1	129	1
20	2	129	1
21	0	129	1
22	0	129	1
23	7	129	1
24	4	129	1
25	2	129	1
26	3	129	1
27	7	129	1
28	4	129	1
29	3	129	1
30	2	129	1
31	3	129	1
32	4	129	1
33	4	129	1
34	11	129	1
35	5	129	1
36	9	129	1
37	13	129	1
38	1	129	1
39	6	129	1
40	3	129	1
41	4	129	1
42	2	129	1
43	1	129	1
44	10	129	1
45	3	129	1
46	1	129	1
47	1	129	1
48	1	129	1
49	0	129	1
50	0	129	1
51	0	129	1
52	0	129	1
53	0	129	1
54	0	129	1
55	1	129	1
1	0	130	1
2	0	130	1
3	0	130	1
4	0	130	1
5	0	130	1
6	0	130	1
7	0	130	1
8	0	130	1
9	0	130	1
10	0	130	1
11	0	130	1
12	0	130	1
13	0	130	1
14	0	130	1
15	5	130	1
16	0	130	1
17	0	130	1
18	1	130	1
19	3	130	1
20	0	130	1
21	0	130	1
22	0	130	1
23	3	130	1
24	6	130	1
25	2	130	1
26	1	130	1
27	4	130	1
28	7	130	1
29	3	130	1
30	2	130	1
31	2	130	1
32	4	130	1
33	5	130	1
34	9	130	1
35	5	130	1
36	7	130	1
37	12	130	1
38	4	130	1
39	8	130	1
40	13	130	1
41	3	130	1
42	4	130	1
43	1	130	1
44	4	130	1
45	2	130	1
46	4	130	1
47	2	130	1
48	0	130	1
49	1	130	1
50	0	130	1
51	0	130	1
52	0	130	1
53	0	130	1
54	0	130	1
55	2	130	1
-1
