10	10	5	5	5	5	5	5	5	5	5	5	5	5	5	5	5	5	5	10	5	5	10	5	5	5	5	5	5	5	10	5	5	5	5	10	10	5	10	5	5	5	5	5	10	10	5	10	5	5	5	10	5	5	5	10	5	5	5	5	5	5	5	5	5	5	5	5	10	10	10	5	5	5	5	5	5	5	5	12	5	5	5	5	5	5	5	5	5	5	5	5	5	5	5	5	5	5	5	5
10	10	5	5	5	5	5	5	5	5	5	10	10	5	5	5	10	10	5	10	5	5	10	5	5	5	12	5	5	5	10	5	5	5	5	10	12	5	12	5	5	10	5	5	10	10	5	12	5	5	5	12	5	5	10	12	5	10	10	5	5	5	5	10	5	5	5	5	12	10	10	5	10	5	10	5	10	5	5	12	5	12	5	5	10	5	5	5	5	10	10	5	5	5	10	5	10	10	5	10
10	10	10	5	5	5	5	5	5	5	5	10	10	10	10	5	10	10	5	10	10	5	12	10	10	10	12	12	5	5	10	5	5	10	10	10	12	5	14	12	5	10	14	5	10	12	5	12	10	5	10	12	10	10	10	12	5	10	10	10	5	5	10	10	5	5	10	10	12	10	12	10	12	5	12	5	10	5	5	12	5	12	10	10	10	5	5	10	10	10	12	10	5	5	10	12	12	10	14	12
10	10	10	10	12	5	12	5	5	10	10	10	10	12	14	10	12	10	12	12	10	5	12	10	10	12	14	12	10	5	12	10	5	10	10	12	14	10	14	12	10	10	14	10	12	14	10	12	10	5	10	12	10	10	10	12	5	10	10	10	10	5	12	12	5	10	10	14	15	14	14	10	12	10	12	10	10	12	5	12	5	12	10	10	12	5	5	10	10	12	12	10	5	12	10	12	12	10	14	12
10	14	14	10	12	5	14	5	10	10	12	10	10	14	14	12	12	10	12	12	10	5	12	12	10	12	14	12	10	10	14	10	12	10	10	14	15	10	15	12	10	12	14	12	14	14	10	12	10	10	10	12	10	12	12	12	10	10	12	12	10	5	12	14	10	10	12	14	15	14	14	10	12	10	12	10	14	12	10	14	5	14	14	14	12	5	10	12	10	12	14	12	10	12	10	14	14	10	14	14
10	15	15	12	12	12	14	10	12	10	12	14	12	14	14	12	14	12	12	14	10	10	12	12	12	12	15	12	12	10	14	12	12	14	12	14	15	12	15	14	14	12	15	12	14	14	12	12	10	10	12	14	12	12	14	14	10	14	14	12	10	10	12	14	10	10	14	14	15	14	14	10	12	12	12	10	14	12	12	15	10	15	14	14	14	10	12	12	10	12	14	12	10	12	12	14	14	10	14	14
12	15	15	12	14	12	14	10	12	10	14	15	12	15	15	14	14	12	14	14	12	12	14	14	14	12	15	12	12	10	14	12	14	14	12	14	15	12	15	14	14	14	16	12	14	15	12	12	12	12	14	14	12	12	14	14	10	15	14	14	10	12	12	14	10	12	14	15	15	14	14	12	12	14	14	12	14	15	12	15	12	15	14	14	14	10	14	14	12	12	14	14	10	14	12	14	14	15	15	14
14	15	15	12	14	14	15	14	14	12	16	15	12	16	15	14	14	14	14	15	12	12	14	14	14	14	15	14	12	12	15	14	14	14	14	15	16	14	16	14	15	14	16	12	14	15	15	14	14	12	14	15	12	14	14	15	12	15	14	14	10	12	12	15	12	12	15	15	15	15	15	12	15	14	14	12	14	15	12	15	12	15	15	14	14	12	14	14	12	14	15	14	12	14	12	15	15	15	15	14
14	15	15	12	15	14	15	14	14	12	16	15	12	16	15	15	14	14	14	15	12	12	15	14	14	14	15	14	14	12	15	14	14	14	14	15	16	14	16	14	15	14	16	14	15	15	15	15	15	14	15	15	12	14	15	15	12	16	14	14	10	14	14	16	12	12	15	15	15	15	16	12	16	15	14	12	15	15	12	15	14	16	15	14	14	12	14	14	14	14	15	15	14	14	14	16	15	15	16	15
14	16	15	14	15	15	15	14	14	12	16	15	14	16	15	15	14	15	15	15	14	14	15	15	14	15	15	14	15	14	15	14	15	15	15	15	16	14	17	14	16	14	16	14	15	15	15	15	16	14	15	15	12	15	15	15	14	16	15	14	12	14	14	16	14	15	15	15	16	15	16	15	16	15	14	14	15	15	14	16	15	17	15	14	15	12	14	14	14	14	15	16	14	14	15	16	15	15	16	15
15	16	15	14	15	15	15	15	15	12	16	15	15	16	15	15	15	15	15	16	14	14	15	15	15	15	16	15	15	14	16	14	15	15	15	15	16	15	17	14	16	14	16	14	15	15	16	16	16	15	15	15	12	15	15	15	14	17	16	15	12	14	14	16	14	15	15	16	17	15	16	15	16	15	14	14	15	16	14	16	15	17	15	16	15	14	14	14	14	14	15	16	14	14	15	16	16	16	16	16
16	16	17	15	15	15	16	15	15	14	17	15	15	16	15	15	15	15	15	16	14	15	15	16	15	15	16	15	15	14	16	15	15	15	15	16	16	15	17	15	16	15	16	15	15	16	16	16	17	15	15	15	15	15	16	15	14	17	16	15	14	14	15	16	14	15	16	16	17	15	16	16	16	15	14	14	16	16	14	16	15	17	15	17	15	14	14	15	15	14	15	16	14	15	15	17	17	16	16	16
16	16	17	15	15	15	16	15	15	15	17	15	16	16	15	15	16	15	15	16	14	15	15	16	15	15	16	15	15	15	16	15	15	15	15	16	17	15	17	15	16	15	17	16	15	16	16	16	17	15	15	15	16	16	16	15	14	17	16	15	14	14	15	17	15	15	16	16	17	15	16	16	16	16	15	14	16	16	14	17	15	17	16	17	15	14	15	15	15	15	15	16	15	15	15	17	17	16	16	16
16	16	17	15	15	15	16	15	15	16	17	15	16	16	16	16	17	15	16	17	14	15	15	17	16	16	17	15	16	15	16	15	16	16	15	17	17	15	17	15	17	15	17	17	15	16	17	16	17	16	15	15	16	16	16	16	15	17	16	15	14	14	15	17	15	15	16	16	17	16	17	17	17	16	15	15	16	16	14	17	16	17	16	17	15	14	15	15	15	15	15	17	15	15	16	17	17	16	16	16
16	16	17	15	15	16	16	15	15	17	17	15	16	17	16	16	17	15	16	17	14	16	16	17	17	16	17	15	16	15	17	16	16	16	16	17	17	16	17	15	17	16	17	17	16	16	17	17	17	16	15	16	16	17	16	16	15	18	16	16	15	15	15	17	16	15	16	17	17	16	17	17	17	17	15	15	16	17	15	17	16	17	16	17	15	14	16	15	15	15	16	17	15	15	16	17	17	16	16	16
16	17	17	15	15	16	17	15	15	17	17	16	17	17	16	16	17	16	16	17	14	16	16	17	17	16	17	15	16	15	17	16	16	16	17	17	17	16	17	16	17	16	18	18	16	16	17	17	17	16	15	16	16	17	17	16	16	18	16	16	15	15	15	17	16	15	16	17	17	16	17	17	17	17	15	15	16	17	15	17	16	17	16	17	16	15	16	16	15	16	16	17	15	15	16	17	17	16	16	16
17	17	17	16	16	17	17	15	15	18	17	16	17	17	16	16	17	17	16	17	15	16	16	17	17	16	17	16	17	16	17	16	16	16	17	18	17	16	17	16	17	16	18	18	16	16	18	17	18	16	15	16	16	17	17	16	16	18	17	16	15	16	15	17	16	15	16	17	17	16	17	17	18	17	16	15	16	17	15	17	16	17	17	17	17	15	16	16	16	16	16	17	16	16	16	17	17	16	16	16
17	17	18	16	16	17	17	16	15	18	17	16	17	17	16	16	18	17	16	17	15	16	17	18	17	16	17	16	17	16	17	16	17	16	17	19	18	16	18	16	17	16	19	19	16	16	18	17	18	16	17	17	17	17	17	17	16	19	17	16	15	16	16	17	16	16	17	17	17	17	17	17	18	17	16	16	17	17	15	17	16	17	17	18	17	15	17	16	16	16	16	17	16	16	16	17	17	16	16	17
17	17	18	16	16	17	17	16	15	19	17	16	17	17	17	17	18	17	16	17	15	16	17	18	17	16	17	16	17	16	18	16	17	16	17	19	18	17	18	16	17	16	19	19	17	17	18	17	18	17	17	17	17	17	17	17	17	20	17	17	16	16	16	17	17	16	17	17	17	17	17	17	18	17	16	16	17	17	15	17	17	18	17	18	17	15	17	16	16	16	16	18	16	16	16	18	17	16	17	17
17	17	18	16	16	17	17	17	16	20	17	16	17	17	17	17	18	17	16	17	16	17	17	18	17	16	18	16	17	16	18	16	17	16	17	19	18	17	18	17	17	17	19	20	17	17	18	17	18	17	17	17	17	17	17	17	17	20	18	17	16	16	16	17	17	16	17	17	17	17	17	17	18	17	16	16	17	17	16	17	17	18	17	18	17	16	17	16	16	16	16	18	16	16	16	18	17	16	17	17
18	17	18	16	16	17	18	17	16	20	17	17	18	17	17	17	18	17	16	18	16	17	17	18	17	17	18	17	17	16	18	17	17	17	17	21	18	17	18	17	18	17	20	21	17	17	19	18	18	17	17	17	17	17	17	17	17	21	18	17	16	16	16	18	17	16	18	17	17	17	17	17	18	17	16	16	17	18	16	17	17	18	17	18	17	16	18	16	17	16	16	18	16	17	16	18	18	16	17	17
18	17	19	16	16	17	18	17	16	21	17	17	18	17	17	17	19	17	17	18	16	17	18	18	18	17	19	17	17	16	18	17	17	17	17	21	18	17	18	17	18	17	22	21	17	17	19	18	18	17	18	17	17	17	17	17	17	21	18	17	16	17	16	18	17	16	18	17	18	17	18	18	19	17	16	16	17	18	16	17	17	18	18	19	17	16	18	16	17	16	17	18	16	17	16	18	18	17	17	17
18	18	21	16	17	17	19	17	16	22	17	17	18	17	17	17	19	17	17	18	16	17	18	19	18	17	20	17	17	16	19	17	17	17	17	22	18	17	18	17	18	17	22	21	18	17	21	18	18	17	18	18	17	17	17	17	17	21	20	17	16	17	17	18	17	16	18	17	19	17	18	18	20	18	17	16	17	18	16	17	17	18	18	19	17	17	18	16	17	17	17	18	16	17	16	18	18	17	17	17
18	18	22	17	17	17	19	17	16	22	17	17	19	17	17	17	21	17	17	18	16	17	18	19	19	17	20	17	17	17	19	18	18	18	17	22	18	18	18	18	18	17	22	21	18	17	22	19	18	17	18	18	18	17	18	18	17	21	20	18	17	17	17	18	17	16	18	18	20	18	18	18	20	18	17	17	17	19	16	18	18	19	18	20	17	17	18	17	17	17	17	18	16	17	16	18	18	17	17	17
18	18	22	17	17	17	19	18	16	22	17	17	20	18	17	17	21	18	17	19	16	17	19	19	20	19	22	17	18	17	20	18	18	18	17	22	18	18	19	18	18	17	22	21	18	17	22	19	19	17	18	18	18	17	18	21	17	22	20	18	17	17	17	19	17	16	19	18	20	18	18	19	22	18	17	17	17	21	17	18	18	19	18	21	18	17	19	17	17	17	17	19	16	17	17	18	18	17	17	17
19	18	22	17	17	17	19	18	17	22	18	17	21	18	17	18	22	18	17	19	17	17	19	20	21	20	22	18	18	17	21	18	18	18	17	22	18	18	19	18	19	17	22	22	18	17	22	19	19	17	18	18	18	18	18	21	17	22	21	18	17	17	17	19	17	17	19	18	21	18	18	19	22	18	17	17	17	21	17	18	19	20	18	22	18	17	19	17	17	17	17	20	16	17	17	18	21	17	17	17
20	18	22	17	17	17	19	18	17	22	18	17	21	18	18	18	22	18	17	21	17	17	20	20	21	21	22	18	18	17	22	18	19	18	17	22	19	18	19	18	20	17	22	22	19	17	22	20	19	17	18	18	19	18	18	21	18	22	21	18	17	18	17	19	17	17	19	18	21	18	18	19	22	18	17	18	17	21	17	18	19	21	19	22	18	17	20	17	18	17	17	20	17	17	18	18	22	17	18	17
21	18	22	17	17	18	20	18	17	22	18	18	21	18	18	18	22	19	17	21	17	17	21	20	21	21	22	18	19	17	22	18	19	19	18	22	19	19	21	18	20	17	22	22	19	18	23	21	20	17	18	19	19	18	18	21	18	22	21	18	17	19	17	20	18	17	20	18	21	18	19	21	22	18	17	18	17	22	17	19	19	22	19	22	21	17	21	17	18	17	17	20	17	17	18	18	22	18	18	17
21	18	23	18	17	18	20	18	17	22	18	18	21	19	19	18	22	22	17	22	17	17	21	21	21	21	22	19	20	17	22	18	19	19	18	22	19	19	22	19	20	17	22	22	19	18	23	21	20	18	19	19	19	18	18	22	18	22	22	19	17	19	18	20	18	17	21	19	22	18	19	21	22	19	17	18	18	22	17	20	19	22	19	22	21	17	21	17	18	17	18	21	17	17	18	19	22	18	18	17
21	18	23	18	17	19	20	19	17	22	18	18	22	19	19	18	22	22	17	22	17	18	21	21	22	22	22	19	21	17	22	18	20	19	19	22	19	20	22	20	20	18	22	22	21	19	23	21	22	18	19	20	20	19	18	22	18	22	22	19	17	19	18	20	18	17	21	20	22	18	19	21	22	19	17	18	18	22	18	22	19	22	22	22	21	18	22	18	19	17	19	21	17	17	19	19	22	18	18	18
22	19	23	18	18	20	21	19	17	22	18	18	22	19	19	20	22	22	18	22	17	18	22	22	22	22	22	19	21	18	22	18	20	21	19	22	19	21	22	21	21	18	22	22	21	19	23	22	22	18	20	20	21	21	19	22	19	22	22	19	18	19	19	21	18	17	21	21	22	18	20	22	23	19	18	19	18	22	18	22	19	22	22	22	21	19	22	18	19	17	20	21	17	18	19	19	22	18	21	18
22	19	23	18	19	21	21	21	19	23	19	18	22	19	21	20	22	22	18	22	17	18	22	22	22	22	22	19	21	18	22	20	21	21	19	22	20	21	22	21	21	18	22	22	21	21	23	22	22	19	21	21	21	21	20	22	21	22	22	21	18	20	20	22	18	17	22	21	22	18	21	22	23	19	18	19	19	22	18	22	20	22	22	23	22	19	22	18	19	17	20	22	17	18	19	21	22	18	21	18
22	21	24	18	20	21	22	21	19	23	19	18	22	19	22	21	22	22	18	22	18	18	22	22	22	22	23	21	22	18	22	21	22	22	19	23	21	21	22	22	21	18	22	22	21	21	23	22	22	20	22	22	21	21	21	22	21	22	22	21	18	22	20	22	18	18	22	22	22	19	21	22	23	19	18	19	19	22	18	22	20	22	22	23	22	21	22	18	20	17	21	22	18	18	19	21	22	19	22	18
22	21	24	18	21	21	22	21	20	23	20	18	22	19	22	22	22	22	19	22	18	19	22	22	22	22	23	21	22	18	22	22	22	22	19	23	22	21	22	22	22	18	22	22	21	22	23	22	22	21	22	22	21	21	21	22	22	22	22	22	18	22	21	22	20	19	22	22	22	21	21	22	23	19	18	20	20	22	18	22	21	22	22	23	22	21	22	18	21	18	21	22	18	19	21	21	22	21	22	19
22	22	24	19	21	21	22	22	21	24	21	18	22	19	22	22	22	23	19	22	21	21	22	22	22	22	23	21	22	19	22	22	22	22	20	23	22	22	22	22	22	20	23	22	21	22	24	22	22	21	22	22	22	21	21	22	22	22	22	22	18	22	21	22	21	20	22	22	22	22	21	22	23	20	19	20	21	22	19	22	21	22	22	23	22	22	22	18	22	18	22	22	18	19	21	22	22	21	22	19
22	22	24	19	21	21	22	22	21	24	22	19	22	21	22	22	22	23	21	22	22	21	22	22	22	22	23	21	22	20	22	22	22	22	21	23	22	22	22	22	22	22	23	22	21	22	24	22	22	22	22	22	22	22	22	22	22	22	22	22	18	22	22	22	21	21	22	22	22	22	21	22	23	22	19	21	21	22	19	22	22	22	22	24	22	22	22	18	22	19	22	22	18	19	21	22	22	21	22	19
22	22	24	20	22	22	22	22	22	24	22	19	22	21	22	22	22	23	22	22	22	22	22	22	22	22	23	22	22	21	22	22	22	22	21	23	22	22	22	22	22	22	23	22	21	22	24	22	22	22	22	22	22	22	22	22	22	23	23	22	18	22	22	22	22	22	22	22	23	22	21	22	23	22	21	21	22	22	19	23	22	22	22	24	22	22	23	19	22	19	22	22	18	20	21	22	22	21	22	19
22	22	24	22	22	22	22	22	22	24	22	20	22	22	22	22	22	23	22	23	22	22	22	22	22	22	23	22	23	22	23	22	22	22	21	24	22	22	22	22	22	22	24	22	22	22	24	22	22	22	22	22	22	22	22	23	22	23	23	22	19	22	22	22	22	22	22	22	23	22	22	22	23	22	22	21	22	22	19	23	22	23	23	24	22	22	23	19	22	20	22	22	19	20	22	22	22	21	22	19
23	22	24	22	22	22	22	22	22	24	22	21	22	22	22	22	23	23	22	23	22	22	22	23	22	22	23	22	23	22	23	23	22	22	22	24	22	22	22	23	22	22	24	23	22	22	24	22	23	22	22	22	22	22	22	23	22	23	23	22	20	22	22	22	22	22	22	22	23	22	22	23	23	22	22	22	22	23	21	23	22	23	23	24	22	22	23	20	22	20	22	22	19	20	22	22	22	22	22	20
23	22	25	22	22	22	22	22	22	24	22	21	23	22	22	23	23	23	22	23	22	22	22	23	23	22	23	22	23	22	23	23	22	22	22	24	22	22	23	23	22	23	24	23	22	22	24	23	23	22	22	22	22	22	22	23	22	23	23	22	21	23	22	22	22	22	23	22	23	22	22	23	24	23	22	22	22	23	22	23	22	23	23	24	22	22	24	22	22	21	22	23	19	21	22	22	22	22	23	21
23	22	25	22	22	22	23	23	22	24	22	22	23	22	23	23	23	23	22	23	22	22	23	23	23	22	24	22	23	22	23	23	22	22	22	24	22	22	23	24	23	23	24	23	22	22	24	23	23	22	22	23	23	22	22	23	22	23	23	22	21	23	22	22	22	22	24	23	23	22	22	23	24	23	22	22	22	23	22	23	22	23	23	24	23	22	24	22	22	21	22	24	20	22	22	22	22	22	23	22
23	22	25	22	22	22	23	23	22	24	22	22	23	23	23	23	23	23	22	23	22	22	23	24	23	22	24	22	23	22	23	23	22	22	22	24	22	22	23	24	23	23	24	23	22	22	24	23	24	22	22	24	23	22	22	23	22	23	24	22	21	23	22	22	22	22	24	23	23	22	22	23	25	23	22	22	22	23	22	23	22	23	24	24	23	22	24	22	22	21	22	24	20	22	22	22	22	22	23	22
23	22	25	22	22	22	23	23	22	24	23	22	23	23	23	23	23	24	22	23	22	22	23	24	23	23	24	22	24	22	23	24	23	23	22	24	22	22	23	24	23	23	24	23	22	22	24	23	24	23	22	24	23	22	22	23	23	23	24	22	21	23	22	23	22	22	24	23	24	22	22	23	25	23	22	22	22	23	22	24	22	23	24	24	23	22	24	22	22	22	22	24	21	22	22	22	22	22	24	22
23	22	25	23	23	22	23	23	23	25	23	22	23	23	23	23	23	24	22	24	22	22	23	24	23	23	24	22	24	22	23	24	23	23	22	24	23	23	23	24	23	23	25	23	22	22	25	23	24	23	22	24	23	22	22	23	23	24	24	23	22	23	22	23	23	22	24	23	24	22	22	23	25	23	22	22	22	23	22	24	22	24	24	25	23	22	24	22	22	22	22	24	22	22	22	22	23	22	24	22
24	22	25	24	23	22	23	24	23	25	23	22	23	23	24	24	23	24	22	24	22	23	23	24	23	23	24	23	24	22	23	24	23	23	22	24	23	23	23	24	23	23	25	23	22	22	25	23	24	23	23	24	23	22	23	23	23	24	24	24	22	24	22	23	23	22	24	24	24	23	22	23	26	23	22	23	23	24	22	24	23	24	24	25	24	23	24	22	22	22	23	25	22	22	22	22	23	23	24	22
24	23	25	24	23	23	23	24	23	25	23	22	23	23	24	24	23	24	23	24	22	23	24	24	24	23	24	23	24	22	23	24	23	23	22	25	23	23	23	25	23	24	25	24	23	23	25	23	24	23	23	24	23	22	23	23	23	24	24	24	22	24	23	23	23	23	24	24	24	23	23	23	27	23	23	23	23	24	22	24	23	24	24	25	24	23	24	22	23	22	23	25	22	22	22	23	23	23	24	22
24	23	26	24	23	23	23	24	23	25	24	22	23	24	24	24	24	24	23	24	22	23	24	24	24	23	24	23	25	22	24	24	23	24	23	25	24	23	23	25	23	24	25	24	23	23	25	24	24	23	23	24	24	23	23	24	23	24	25	24	22	24	23	24	23	23	24	24	24	23	23	24	27	23	23	23	23	24	22	24	23	24	24	26	24	24	24	23	23	22	23	26	22	22	22	23	23	23	24	22
24	23	26	24	23	24	23	24	23	25	24	23	24	24	24	24	24	24	23	24	22	24	24	25	24	23	24	24	25	22	24	24	23	24	23	25	24	23	24	26	24	24	26	24	23	23	25	24	24	24	24	24	24	23	23	24	23	24	25	24	22	24	23	24	23	23	24	24	24	23	23	24	27	24	23	23	23	24	22	24	23	24	24	26	24	24	24	23	23	22	23	26	22	23	22	23	23	23	25	22
24	23	26	24	23	24	24	24	23	26	24	23	24	24	24	24	24	24	23	24	23	24	24	25	24	24	24	24	25	22	24	25	24	24	23	26	24	23	24	26	24	24	26	25	23	23	26	24	25	24	24	24	24	23	23	24	23	25	25	24	22	25	24	24	23	23	24	24	24	24	23	24	27	24	23	23	24	25	23	24	23	24	25	26	24	24	24	23	23	22	24	26	22	23	22	23	24	23	25	22
24	23	26	24	24	24	24	24	23	26	24	24	24	24	24	24	24	25	23	25	23	24	24	25	24	24	24	24	25	23	24	25	24	24	23	26	24	23	24	26	24	24	26	25	23	23	26	24	25	24	24	24	24	24	23	24	24	25	25	24	22	25	24	24	23	23	24	25	25	24	24	24	27	24	24	24	24	25	23	24	23	25	25	26	24	24	24	23	23	22	24	26	22	23	22	24	24	24	25	23
24	23	26	24	24	24	24	25	24	26	24	24	24	24	25	25	24	25	23	25	23	24	24	26	25	24	24	24	25	23	25	25	24	24	24	26	24	23	24	27	24	24	26	25	23	23	26	24	25	24	24	25	24	24	24	24	24	25	25	24	22	25	24	24	23	23	25	25	25	24	24	24	28	24	24	24	24	25	23	24	23	25	25	26	24	24	24	23	24	22	24	26	23	23	23	24	24	24	25	23
24	24	26	24	24	24	24	25	24	26	24	24	24	24	25	25	24	25	23	25	23	24	24	26	25	24	24	24	25	23	25	25	24	25	24	27	24	24	24	27	24	24	26	26	24	24	27	24	25	24	24	25	24	24	24	24	24	25	26	24	22	25	24	24	24	23	25	25	25	25	24	24	28	24	24	24	24	25	24	25	23	25	25	26	25	25	24	24	24	22	25	26	23	23	24	24	24	24	26	24
25	24	27	24	24	25	24	25	24	26	24	24	25	24	25	25	24	25	24	25	24	25	25	26	26	24	24	24	26	23	25	25	24	25	24	27	25	24	24	27	24	24	27	26	24	24	27	24	26	24	24	25	25	25	24	24	25	25	26	25	22	25	24	24	24	24	26	25	26	25	25	24	28	24	24	24	24	26	24	25	24	26	26	26	25	25	25	24	24	23	25	26	23	23	24	25	24	24	26	24
25	24	27	25	24	25	24	25	24	26	24	24	25	24	25	25	24	25	24	25	24	25	25	27	26	25	25	24	26	23	25	26	24	25	25	27	25	24	24	28	24	25	27	26	24	24	28	25	26	24	24	26	25	25	24	24	25	25	26	25	23	25	25	24	24	24	26	25	26	25	25	24	28	24	25	24	24	26	24	25	24	26	26	27	25	25	25	24	24	23	25	27	24	24	24	25	25	24	27	24
25	24	27	26	24	26	24	25	24	26	24	24	25	24	25	26	24	26	24	27	24	25	26	27	26	25	25	25	26	23	25	26	24	25	25	27	26	24	25	28	24	25	27	26	24	24	28	25	26	24	24	26	26	25	24	25	25	26	26	25	23	26	25	24	24	24	26	25	26	25	26	25	28	25	25	24	25	27	24	25	24	26	26	27	26	25	26	24	24	23	25	27	24	24	24	25	25	24	27	24
25	24	27	26	24	27	25	25	24	27	24	24	26	25	26	26	24	26	24	27	24	25	26	27	26	25	25	25	27	24	26	26	24	26	25	27	26	24	25	28	25	25	27	26	24	24	28	25	26	25	25	26	26	25	25	25	25	26	26	25	23	26	25	25	24	24	26	26	27	26	26	25	28	26	25	24	25	27	24	25	24	26	27	27	26	25	26	24	24	23	26	27	24	24	25	26	25	24	27	24
25	24	27	26	25	27	25	26	24	27	24	24	26	25	26	26	24	26	24	27	24	26	26	27	27	26	25	26	27	24	26	27	24	26	25	28	26	24	25	28	25	26	27	26	24	24	28	25	26	25	25	26	26	25	25	25	25	26	26	25	23	26	25	25	24	24	27	26	27	26	26	26	28	26	25	24	25	27	24	25	24	26	27	27	27	25	26	25	24	23	26	28	24	24	25	26	25	24	27	24
25	24	27	26	25	27	25	26	25	27	25	25	26	25	26	27	24	26	24	27	24	26	26	28	27	26	26	26	27	24	27	27	25	26	25	28	26	24	26	28	25	26	27	27	24	24	28	25	27	26	26	26	27	26	25	26	25	26	26	26	24	26	26	25	24	24	27	26	27	26	26	26	28	26	25	25	25	27	24	26	24	27	27	27	27	25	26	25	24	23	26	28	25	25	25	26	25	24	28	24
25	24	27	27	25	28	25	26	25	27	25	25	27	26	26	27	24	27	24	27	24	26	26	28	27	26	26	26	27	24	27	27	25	27	25	28	26	24	27	28	25	26	27	27	24	25	28	25	27	26	26	27	27	26	25	26	25	26	26	26	24	27	26	26	24	24	27	26	28	26	26	26	28	26	25	25	25	27	25	26	25	27	27	28	27	26	26	25	25	24	27	28	25	25	25	26	25	25	28	25
25	24	27	27	26	28	25	26	25	27	25	25	27	26	26	27	25	27	24	28	24	26	27	28	27	26	26	27	27	24	27	27	25	27	26	28	26	25	27	29	26	26	27	27	25	25	28	25	27	26	26	27	27	27	25	26	25	27	26	26	24	27	26	26	24	24	27	27	28	26	26	26	28	26	26	25	25	27	25	26	25	27	27	28	28	26	27	25	25	24	27	28	25	25	25	26	26	25	28	25
26	25	27	27	26	28	25	27	25	27	25	25	27	27	26	27	25	27	25	28	24	26	27	28	28	26	26	27	27	24	27	27	25	27	26	28	27	26	27	29	26	27	28	27	25	25	29	26	27	26	26	27	27	27	25	26	25	27	26	26	24	27	26	27	25	25	27	27	28	26	27	26	28	27	26	26	25	27	26	27	25	27	27	28	28	27	27	25	25	24	27	28	25	26	25	27	26	25	28	25
26	25	28	27	27	28	26	27	25	28	26	26	28	27	26	27	26	27	25	28	25	26	27	28	28	26	26	27	27	24	27	28	26	27	26	28	27	26	27	29	26	27	28	27	25	25	29	27	27	26	26	27	28	27	25	26	25	27	27	26	24	27	26	27	25	25	27	27	28	26	27	27	29	27	27	26	26	27	26	27	26	27	27	28	28	27	27	25	26	24	27	28	26	26	26	27	26	26	28	25
26	25	28	27	27	28	26	27	25	28	26	26	28	27	27	27	27	27	26	28	26	27	27	28	28	27	26	27	28	25	28	28	26	28	26	28	27	27	27	29	27	28	28	27	25	25	29	27	27	27	26	27	28	28	25	27	25	27	28	27	25	27	27	28	25	25	27	27	28	27	28	27	29	27	27	26	26	27	26	27	26	28	28	28	28	28	28	25	26	24	27	28	26	26	26	27	27	26	28	26
26	26	29	27	27	28	26	28	26	28	26	27	28	27	28	27	27	28	26	28	26	27	28	28	28	27	27	28	28	25	28	28	26	28	26	28	27	27	27	29	27	28	28	28	25	25	29	27	27	27	26	28	28	28	26	27	26	27	28	27	26	27	27	28	26	26	27	27	28	27	28	27	29	28	27	26	27	27	27	27	26	28	28	28	28	28	28	26	26	24	27	28	27	26	26	27	27	26	28	27
26	26	29	27	27	28	26	28	26	28	26	27	28	27	28	28	27	28	26	28	26	27	29	28	28	27	27	28	28	25	28	28	27	28	26	28	27	27	28	29	27	28	28	28	26	26	29	27	27	27	27	28	29	28	26	27	26	27	28	27	26	27	27	28	26	26	28	27	29	27	28	27	29	28	28	27	27	27	27	28	27	28	28	28	28	28	28	26	26	24	28	28	27	27	26	27	27	26	29	27
27	26	29	27	27	28	27	28	26	28	26	27	28	27	28	28	27	28	27	29	27	27	29	28	28	27	27	28	28	25	28	28	27	28	27	29	28	27	28	29	28	28	29	28	26	26	29	27	28	27	27	28	29	28	26	28	26	27	28	27	27	27	27	28	27	26	28	27	29	27	28	27	29	28	28	27	27	28	27	28	27	28	28	29	29	28	28	27	26	24	29	28	27	27	26	27	27	26	29	28
27	27	29	28	27	29	27	28	26	28	26	27	29	27	28	28	27	28	27	29	27	27	29	28	28	28	27	28	28	26	29	28	27	28	27	29	28	27	28	29	28	28	29	28	26	27	29	27	28	27	27	28	29	28	27	28	27	28	29	27	27	28	27	29	27	27	28	27	29	27	28	27	29	28	28	27	28	28	28	28	27	28	28	29	29	28	28	27	27	25	29	28	28	27	27	28	27	27	29	28
27	27	29	28	28	29	27	28	26	29	26	27	29	28	28	28	27	28	27	29	27	27	29	29	28	28	28	29	28	26	29	29	27	29	27	29	28	27	28	29	28	28	29	29	27	27	29	27	28	27	28	28	29	28	27	28	27	28	29	27	27	28	27	29	27	27	28	28	29	27	28	27	29	28	28	28	28	28	28	28	27	28	28	29	29	28	28	27	27	25	29	29	28	27	27	28	27	27	29	28
27	27	29	28	28	29	27	29	26	29	27	27	29	28	28	29	28	28	27	29	27	27	29	29	29	28	28	29	28	27	29	29	28	29	27	29	28	27	28	29	28	29	29	29	27	27	30	27	28	28	28	28	29	28	27	28	27	29	29	29	27	28	27	29	27	27	29	28	29	27	28	27	29	28	28	28	28	28	29	28	27	28	28	29	29	28	29	27	27	26	29	29	28	29	27	28	27	27	29	28
27	27	29	28	29	29	28	29	27	29	27	27	29	28	29	29	28	28	27	29	27	27	29	29	29	29	28	29	28	27	29	29	28	29	27	29	28	28	28	30	29	29	29	29	27	27	30	28	28	28	28	29	29	29	27	28	27	29	29	29	27	28	28	29	27	27	29	28	29	29	29	28	31	28	29	28	28	28	29	29	27	28	29	29	30	28	29	27	27	27	29	29	28	29	28	28	28	27	29	29
28	28	29	28	29	29	28	29	27	29	27	27	29	28	29	29	28	29	27	29	28	28	29	29	29	29	28	29	29	27	29	29	28	29	27	29	29	28	28	30	29	29	29	29	27	27	30	28	29	29	28	29	29	29	27	29	27	29	29	29	27	28	28	29	27	27	29	28	29	29	29	28	31	28	29	28	29	28	29	29	28	28	29	29	30	29	29	27	27	27	29	29	28	29	28	28	29	27	29	29
28	28	29	28	29	30	28	29	27	29	27	28	29	28	29	29	28	29	28	29	28	28	29	29	29	29	29	29	29	27	29	29	29	29	27	29	29	28	29	30	29	29	29	30	28	27	31	28	29	29	28	29	30	29	27	29	27	29	29	29	27	28	28	29	27	27	29	28	29	29	29	28	32	29	29	28	29	28	29	29	28	29	29	29	30	29	29	28	27	27	29	29	28	29	28	29	29	28	29	29
28	28	29	29	29	30	28	29	27	29	27	28	29	28	29	29	28	29	28	29	29	28	29	29	29	29	29	29	29	28	29	29	29	29	28	29	29	28	29	30	29	29	29	30	28	27	31	28	29	29	29	29	30	29	28	29	27	29	29	29	27	28	28	29	27	27	29	28	30	29	29	28	32	29	29	28	29	29	29	29	29	29	29	29	31	29	29	28	28	27	29	29	29	29	29	29	29	28	29	29
28	28	30	29	29	30	28	29	28	29	27	28	29	29	29	30	28	29	28	29	29	28	29	30	29	29	29	29	29	28	30	30	29	30	28	30	29	29	29	31	29	29	29	30	28	28	31	28	29	29	29	29	30	29	28	29	28	29	29	29	28	28	28	29	28	27	29	29	30	29	29	28	32	29	29	29	29	29	29	29	29	29	29	29	31	29	29	28	28	28	29	29	29	29	29	29	29	28	29	29
29	29	30	29	29	31	28	30	28	29	28	28	30	29	29	30	29	29	28	30	29	28	29	30	29	29	29	29	29	28	30	30	29	30	28	30	29	29	29	31	30	29	29	31	28	28	32	29	29	29	29	29	31	29	28	29	28	29	30	30	28	29	28	30	28	28	29	29	30	29	29	28	32	29	29	29	29	29	30	29	29	29	29	29	31	29	29	28	28	28	29	29	29	29	29	29	29	28	30	29
29	29	30	29	29	31	28	30	28	29	28	28	30	29	29	30	29	29	28	30	30	29	29	30	29	29	30	29	29	29	30	30	29	30	28	31	29	29	29	31	30	29	29	31	28	28	32	29	29	29	29	29	31	29	28	31	28	30	31	30	29	29	29	31	28	28	29	29	31	29	29	28	32	29	30	29	29	29	30	29	29	29	29	29	31	29	30	28	28	28	29	29	29	29	29	29	29	28	30	29
29	29	30	29	29	32	29	30	28	30	28	29	30	29	29	30	29	29	28	30	30	29	30	30	29	29	31	29	30	29	30	31	30	30	28	31	29	29	29	31	30	29	31	31	28	28	32	29	29	29	29	29	31	29	29	31	28	30	31	30	29	29	29	31	28	28	30	29	31	29	29	29	32	29	30	29	29	29	31	29	29	30	30	29	32	30	30	28	29	29	30	29	30	29	29	29	29	28	30	29
29	29	31	29	29	32	29	31	28	30	29	29	30	29	30	31	29	29	28	30	30	29	31	30	29	30	31	29	30	29	30	31	31	31	28	31	29	29	29	31	30	29	31	32	28	29	32	29	29	29	29	29	31	29	29	31	28	31	31	30	29	29	29	31	28	28	30	29	31	30	29	29	32	30	30	30	29	30	31	29	29	30	30	29	32	30	31	28	29	29	30	30	30	29	29	29	30	28	30	29
29	29	31	29	29	32	29	31	29	30	29	29	30	29	30	31	29	29	29	31	31	29	31	32	30	30	31	30	30	29	31	31	31	31	29	31	29	29	29	31	31	29	31	32	29	29	32	29	30	29	29	29	32	30	29	31	28	31	31	30	29	29	29	31	29	29	30	29	32	30	30	29	32	30	30	30	30	31	31	30	29	30	31	29	32	30	31	28	29	29	30	30	31	30	29	29	30	29	30	30
30	29	31	29	30	32	29	31	29	30	29	29	30	29	30	31	29	29	29	31	31	29	31	32	30	31	32	30	31	29	31	32	31	31	29	32	30	29	30	32	31	30	31	32	29	29	32	30	30	30	29	30	32	30	29	31	28	32	32	30	30	29	29	32	29	29	31	29	32	30	30	29	34	30	31	31	30	31	31	30	29	30	31	30	32	31	31	28	29	29	31	30	31	31	30	29	31	29	30	30
30	29	31	30	30	32	29	31	29	30	29	29	31	29	31	31	29	29	29	32	31	29	32	32	31	31	32	30	31	30	32	32	31	31	29	32	30	29	30	32	32	31	31	32	29	29	32	30	30	30	29	30	32	30	29	31	29	32	32	31	30	29	30	32	29	29	31	29	32	30	30	30	35	30	31	31	31	31	31	30	30	31	31	31	32	31	32	29	32	30	32	30	31	31	30	29	31	29	30	30
31	30	32	30	31	33	29	32	29	31	29	29	31	30	31	31	29	29	30	32	32	30	32	32	31	31	32	31	31	30	32	33	32	32	29	32	30	29	30	32	32	31	32	33	29	30	32	30	30	30	30	30	32	31	29	32	29	32	32	31	30	29	30	32	29	29	32	29	32	30	31	30	35	30	31	31	31	31	31	30	30	31	32	32	32	31	32	29	32	30	32	30	31	31	30	29	31	29	31	30
31	30	32	31	31	33	29	32	29	31	29	30	32	32	31	32	30	29	30	32	32	30	32	32	31	31	32	31	32	31	32	33	32	32	29	32	31	30	31	32	32	31	33	35	29	31	33	30	31	31	30	31	32	32	29	32	29	32	32	31	31	30	31	32	29	29	32	29	32	31	31	30	35	31	32	31	31	31	32	31	30	31	32	32	32	31	32	29	32	31	33	31	32	31	30	29	31	30	31	31
31	30	32	31	31	35	30	32	29	31	29	30	32	32	31	32	30	29	31	32	32	30	32	32	32	32	33	31	32	31	32	33	32	32	30	33	31	30	31	32	32	31	33	35	29	31	34	30	32	31	30	31	32	32	29	32	29	32	32	31	32	31	31	33	29	30	32	29	32	31	31	31	35	31	32	31	32	32	32	32	30	31	32	32	32	32	33	29	32	31	33	31	32	31	31	30	31	30	31	31
31	30	32	31	31	35	30	32	29	32	29	30	32	32	31	33	31	30	32	32	32	30	32	32	32	32	33	31	32	31	32	33	32	33	31	33	31	30	32	32	32	32	34	35	30	32	35	30	32	31	30	32	33	32	30	32	29	32	32	32	32	31	31	33	30	30	32	29	32	32	31	31	35	31	32	31	32	32	32	32	30	32	32	32	33	32	33	29	32	31	33	31	32	32	32	31	31	30	31	31
32	31	32	32	32	35	30	32	29	32	29	30	32	32	31	33	31	31	32	32	32	30	32	33	32	32	33	32	32	31	32	34	32	33	31	33	31	31	32	32	32	32	34	35	30	32	35	31	32	32	31	32	33	32	30	32	29	33	33	32	32	32	32	35	30	30	32	29	32	32	31	31	35	31	32	32	32	32	32	33	31	32	32	32	33	32	34	31	32	32	33	31	33	32	32	31	32	31	32	32
32	32	32	32	32	35	30	33	30	32	30	31	32	33	31	33	31	32	32	32	32	31	32	34	32	32	33	32	32	31	32	35	33	33	31	34	31	31	32	32	32	32	35	35	30	32	35	31	32	32	31	32	34	32	30	32	29	33	33	32	34	32	32	35	30	30	33	30	33	32	31	31	35	32	32	32	32	32	32	33	31	32	33	32	33	32	34	31	32	32	33	31	33	32	32	32	32	31	32	32
32	32	33	32	32	35	31	33	30	32	30	31	32	33	32	33	31	32	32	32	32	31	33	35	32	32	35	32	33	32	32	35	33	33	32	35	31	31	32	33	33	32	35	35	31	33	35	31	33	32	31	32	34	32	31	32	29	33	34	32	35	32	32	37	30	31	33	30	34	32	32	31	37	32	33	32	33	32	32	35	32	33	35	32	33	32	34	32	32	32	33	32	33	32	33	32	33	32	32	32
32	32	34	32	32	37	31	34	30	33	30	32	32	33	32	33	32	32	32	32	32	31	33	37	32	32	35	33	33	32	32	35	35	33	32	35	32	32	32	33	33	32	35	37	32	34	35	32	33	32	32	32	34	33	31	32	30	35	34	32	35	32	32	37	31	31	34	30	34	32	32	32	37	32	33	32	34	32	32	35	32	34	37	33	35	32	35	32	32	32	33	32	34	33	33	32	33	32	32	32
32	33	35	32	32	37	31	35	30	33	31	32	32	33	32	33	32	32	32	32	32	31	33	37	32	32	35	33	33	32	32	35	35	34	32	35	32	32	32	34	34	32	35	37	32	35	37	32	35	34	32	32	35	35	32	33	30	35	35	32	37	32	32	38	31	32	35	30	35	33	32	32	37	32	34	32	35	33	32	35	33	35	37	33	35	33	35	32	33	32	34	32	35	33	35	32	33	32	32	33
33	33	35	32	32	37	32	37	31	35	32	32	32	34	32	34	32	32	33	32	32	32	35	37	32	33	35	33	35	32	33	35	35	34	32	35	32	32	33	34	34	32	35	37	32	37	37	32	35	35	32	33	37	35	32	33	30	35	35	33	37	33	34	39	32	32	35	31	35	34	32	32	37	32	35	32	35	33	33	35	33	35	38	34	37	33	37	32	33	32	34	33	35	33	37	33	34	32	33	33
33	33	37	33	33	37	32	37	32	35	32	32	34	35	33	35	32	35	33	32	32	32	37	37	32	33	37	33	35	32	35	37	35	35	33	35	33	32	33	35	34	32	35	37	33	37	37	32	35	35	32	35	37	35	32	33	32	35	35	33	37	33	35	39	32	32	37	32	35	35	35	33	37	32	35	32	37	34	33	35	34	35	38	34	37	33	37	33	33	33	34	35	35	35	37	33	34	33	33	33
33	34	37	35	35	38	32	37	32	35	32	32	35	35	34	35	33	37	33	35	32	32	38	37	33	34	37	33	35	32	37	37	35	37	33	35	34	33	35	35	34	33	37	37	34	37	39	33	35	35	32	37	37	37	33	34	32	37	35	35	37	33	37	39	32	32	38	32	37	35	35	34	37	33	35	32	37	37	33	37	35	37	38	35	37	35	37	33	35	35	35	35	35	35	37	34	35	33	33	34
35	35	37	35	37	39	32	37	33	37	32	33	37	37	35	35	33	37	33	35	33	34	38	37	33	34	37	35	35	33	37	37	37	37	33	35	35	33	37	37	35	33	37	38	35	37	39	33	35	35	32	37	37	37	33	37	32	37	35	35	37	34	37	40	33	34	39	32	37	35	37	37	37	33	35	33	37	37	35	37	35	37	39	37	37	35	38	35	35	35	37	37	37	37	37	34	35	33	34	35
35	37	37	37	37	40	33	37	33	37	32	33	38	39	35	35	33	37	34	35	34	34	39	37	33	34	37	37	37	33	37	38	37	37	33	37	37	34	37	37	35	33	37	39	35	37	40	33	37	37	32	37	37	37	34	37	32	37	37	37	39	35	37	40	33	35	40	32	39	35	37	37	38	34	37	35	37	37	35	37	35	37	39	37	37	35	39	35	37	38	37	37	37	37	37	34	37	35	34	35
37	37	38	38	37	40	33	37	35	37	32	33	38	39	37	35	34	37	35	37	35	35	40	37	33	35	37	37	37	35	37	38	39	38	33	37	37	35	37	37	35	34	38	40	37	40	40	35	37	37	33	37	37	38	35	38	33	37	37	38	39	37	38	40	33	35	40	32	40	37	37	37	38	37	37	35	38	37	37	37	37	38	40	37	37	35	40	37	39	38	37	37	37	37	38	35	37	37	35	37
37	37	38	39	38	40	34	38	35	37	33	37	40	40	37	37	35	38	35	37	37	35	40	38	37	35	37	37	40	37	38	38	40	38	35	37	37	35	37	38	37	34	39	40	38	40	40	37	37	37	35	37	39	39	35	39	34	37	40	39	39	38	39	40	35	35	40	34	40	39	37	37	39	37	38	35	39	38	37	37	37	39	40	38	37	35	40	37	39	39	39	37	39	38	40	37	37	37	35	37
37	37	39	40	39	42	35	39	35	37	35	37	40	40	39	37	35	39	35	38	37	35	40	38	39	37	38	40	40	37	39	38	40	38	38	37	38	35	37	39	37	35	40	40	40	40	42	38	40	37	35	38	40	40	35	40	35	38	40	40	39	38	39	40	38	37	40	37	40	39	38	37	40	39	40	37	40	40	38	37	37	40	40	40	37	35	40	37	40	40	39	37	39	38	40	37	37	38	37	37
37	38	39	40	40	42	35	40	35	40	35	37	40	40	39	37	37	39	37	39	38	35	42	39	39	37	38	40	40	38	39	40	40	38	39	37	38	37	40	40	38	35	40	40	40	40	42	38	40	38	35	40	40	40	37	40	35	38	42	40	39	39	40	40	38	37	40	37	40	40	38	40	40	40	40	37	40	40	39	38	37	40	40	40	38	37	40	37	40	40	39	38	40	38	42	37	37	40	37	38
37	40	39	40	40	42	37	40	37	40	37	40	42	42	40	40	37	40	37	40	39	38	42	40	42	38	39	42	40	39	40	40	40	39	39	38	38	39	40	40	39	35	40	42	40	40	42	40	42	40	37	40	40	40	37	40	35	39	42	42	40	39	40	42	39	37	40	37	40	40	38	40	40	40	40	37	40	40	40	38	39	40	40	40	39	37	40	39	40	40	40	39	40	38	42	37	38	40	38	38
38	40	40	40	40	42	38	40	39	40	39	40	42	42	40	40	38	40	38	40	40	38	42	40	42	38	40	42	40	40	40	40	42	39	39	38	38	40	40	40	40	37	40	42	40	40	42	40	42	40	38	40	40	40	38	40	39	39	42	42	40	40	40	42	40	40	40	37	40	40	39	40	40	40	40	37	40	40	40	40	40	40	42	40	39	39	40	40	42	40	40	39	40	38	42	37	39	40	39	38
39	42	40	40	40	42	38	40	40	40	39	40	42	42	40	40	40	40	38	40	40	38	43	40	42	40	40	42	40	40	42	40	42	40	40	39	40	40	40	42	40	37	42	42	40	40	42	40	42	42	40	40	42	40	40	40	40	40	42	42	40	40	42	42	42	40	40	40	42	42	40	40	40	40	42	37	42	40	40	40	40	42	42	40	40	39	40	40	42	40	40	40	40	40	42	38	40	42	39	39
40	42	40	40	42	43	38	42	40	40	40	40	42	42	42	40	40	42	39	42	40	40	43	40	42	40	40	42	42	40	42	40	42	40	40	42	40	40	42	42	42	37	42	42	42	40	42	40	42	42	42	42	42	42	40	40	42	42	42	42	40	40	42	43	42	42	42	40	42	42	42	43	42	42	42	38	42	40	40	40	40	42	43	42	40	40	42	40	42	42	40	40	40	40	42	38	40	42	40	40
42	43	42	42	42	43	40	43	42	40	40	40	43	43	42	40	42	42	39	42	40	40	43	42	43	40	42	42	42	42	43	42	43	40	40	42	40	42	42	42	43	37	42	42	42	42	43	42	43	42	42	42	42	42	40	42	42	42	42	43	42	40	43	43	42	43	43	40	43	43	42	43	43	42	42	43	43	42	42	42	43	42	43	42	42	40	42	42	42	43	42	40	43	43	43	38	42	42	43	40
43	43	42	42	43	43	43	43	42	42	42	43	43	43	43	40	42	43	40	43	42	42	43	43	43	42	42	42	42	43	43	43	43	42	42	43	40	42	42	42	43	40	43	43	43	43	43	42	43	43	43	42	43	42	42	42	43	43	43	43	42	43	43	43	42	43	43	43	43	43	42	43	43	42	43	43	43	43	42	43	43	42	43	43	43	43	43	42	43	43	42	42	43	43	43	42	43	42	43	42
