Line           Start(a)       Start(b)       a              b              LCI(a)         LCI(b)         UCI(a)         UCI(b)         Like           Inform         
Line1          0.00010        0.10000        0.00087        0.09156        0.00034        0.07347        0.00224        0.11409        -226.77240     0              
Line2          0.00010        0.10000        0.00136        0.08533        0.00057        0.06775        0.00326        0.10748        -230.32217     0              
Line3          0.00010        0.10000        0.00068        0.10099        0.00025        0.08137        0.00186        0.12534        -221.35830     0              
Line4          0.00010        0.10000        0.00140        0.08516        0.00060        0.06802        0.00328        0.10662        -229.15098     0              
Line5          0.00010        0.10000        0.00222        0.07617        0.00103        0.06043        0.00479        0.09602        -232.42992     0              
Line6          0.00010        0.10000        0.00094        0.08654        0.00036        0.06898        0.00241        0.10858        -230.30875     0              
Line7          0.00010        0.10000        0.00108        0.09307        0.00044        0.07512        0.00265        0.11531        -223.94549     0              
Line8          0.00010        0.10000        0.00148        0.07887        0.00063        0.06242        0.00349        0.09966        -234.18195     0              
Line9          0.00010        0.10000        0.00085        0.09298        0.00033        0.07474        0.00219        0.11567        -226.02803     0              
Line10         0.00010        0.10000        0.00055        0.10318        0.00019        0.08310        0.00156        0.12812        -221.39292     0              
Line11         0.00010        0.10000        0.00086        0.09087        0.00033        0.07239        0.00227        0.11406        -228.57620     0              
Line12         0.00010        0.10000        0.00073        0.09591        0.00028        0.07749        0.00192        0.11870        -223.70493     0              
Line13         0.00010        0.10000        0.00056        0.10522        0.00020        0.08487        0.00159        0.13046        -219.38017     0              
Line14         0.00010        0.10000        0.00037        0.11263        0.00012        0.09084        0.00117        0.13965        -216.87319     0              
Line15         0.00010        0.10000        0.00063        0.10459        0.00023        0.08429        0.00175        0.12978        -220.45304     0              
Line16         0.00010        0.10000        0.00127        0.08566        0.00053        0.06831        0.00307        0.10740        -229.44411     0              
Line17         0.00010        0.10000        0.00142        0.08138        0.00060        0.06465        0.00332        0.10245        -231.79063     0              
Line18         0.00010        0.10000        0.00026        0.11659        0.00008        0.09444        0.00085        0.14393        -215.29075     0              
Line19         0.00010        0.10000        0.00054        0.09854        0.00019        0.07950        0.00151        0.12212        -223.81004     0              
Line20         0.00010        0.10000        0.00129        0.08676        0.00054        0.06943        0.00308        0.10841        -228.27970     0              
Line21         0.00010        0.10000        0.00092        0.09870        0.00036        0.07934        0.00237        0.12280        -222.67011     0              
Line22         0.00010        0.10000        0.00105        0.10023        0.00041        0.07996        0.00271        0.12564        -222.21488     0              
Line23         0.00010        0.10000        0.00059        0.09653        0.00021        0.07799        0.00162        0.11948        -224.34725     0              
Line24         0.00010        0.10000        0.00063        0.09902        0.00022        0.07910        0.00180        0.12397        -224.17137     0              
Line25         0.00010        0.10000        0.00070        0.09787        0.00025        0.07817        0.00194        0.12255        -224.99036     0              
Line26         0.00010        0.10000        0.00181        0.07760        0.00080        0.06134        0.00411        0.09817        -233.36285     0              
Line27         0.00010        0.10000        0.00099        0.08725        0.00039        0.06926        0.00255        0.10992        -230.99689     0              
Line28         0.00010        0.10000        0.00150        0.08171        0.00065        0.06510        0.00349        0.10257        -231.32424     0              
Line29         0.00010        0.10000        0.00094        0.08878        0.00036        0.07056        0.00245        0.11171        -229.64502     0              
Line30         0.00010        0.10000        0.00170        0.07854        0.00075        0.06244        0.00383        0.09880        -232.88038     0              
Line31         0.00010        0.10000        0.00064        0.09708        0.00024        0.07843        0.00173        0.12016        -223.66215     0              
Line32         0.00010        0.10000        0.00162        0.08045        0.00069        0.06346        0.00379        0.10199        -233.04671     0              
Line33         0.00010        0.10000        0.00013        0.13446        0.00003        0.10846        0.00052        0.16669        -208.59352     0              
Line34         0.00010        0.10000        0.00069        0.09956        0.00025        0.08005        0.00187        0.12381        -223.18833     0              
Line35         0.00010        0.10000        0.00124        0.08662        0.00051        0.06909        0.00302        0.10861        -229.23097     0              
Line36         0.00010        0.10000        0.00085        0.10038        0.00031        0.07997        0.00230        0.12599        -223.14263     0              
Line37         0.00010        0.10000        0.00063        0.09660        0.00023        0.07765        0.00175        0.12018        -225.12378     0              
Line38         0.00010        0.10000        0.00106        0.09125        0.00043        0.07351        0.00258        0.11327        -225.47628     0              
Line39         0.00010        0.10000        0.00168        0.07577        0.00072        0.05938        0.00392        0.09669        -236.43967     0              
Line40         0.00010        0.10000        0.00069        0.09626        0.00025        0.07724        0.00187        0.11998        -225.72795     0              
Line41         0.00010        0.10000        0.00103        0.08764        0.00041        0.06978        0.00261        0.11007        -229.59451     0              
Line42         0.00010        0.10000        0.00091        0.09075        0.00036        0.07294        0.00232        0.11290        -226.65549     0              
Line43         0.00010        0.10000        0.00158        0.08081        0.00067        0.06374        0.00373        0.10246        -232.56491     0              
Line44         0.00010        0.10000        0.00075        0.09785        0.00028        0.07846        0.00203        0.12203        -224.05458     0              
Line45         0.00010        0.10000        0.00111        0.08561        0.00044        0.06795        0.00279        0.10786        -230.33660     0              
Line46         0.00010        0.10000        0.00106        0.09737        0.00043        0.07837        0.00264        0.12098        -222.24503     0              
Line47         0.00010        0.10000        0.00050        0.09961        0.00018        0.08057        0.00141        0.12316        -222.68918     0              
Line48         0.00010        0.10000        0.00128        0.08279        0.00053        0.06589        0.00309        0.10404        -231.42957     0              
Line49         0.00010        0.10000        0.00130        0.08684        0.00054        0.06930        0.00313        0.10883        -228.10289     0              
Line50         0.00010        0.10000        0.00090        0.09588        0.00035        0.07737        0.00227        0.11883        -223.57715     0              
Line51         0.00010        0.10000        0.00092        0.09356        0.00035        0.07437        0.00243        0.11771        -226.53071     0              
Line52         0.00010        0.10000        0.00114        0.08955        0.00045        0.07094        0.00289        0.11304        -229.16271     0              
Line53         0.00010        0.10000        0.00124        0.08718        0.00051        0.06958        0.00300        0.10922        -228.68824     0              
Line54         0.00010        0.10000        0.00114        0.08695        0.00046        0.06910        0.00285        0.10942        -230.04523     0              
Line55         0.00010        0.10000        0.00031        0.11766        0.00010        0.09477        0.00102        0.14609        -215.19506     0              
Line56         0.00010        0.10000        0.00103        0.08747        0.00041        0.06985        0.00258        0.10953        -229.34443     0              
Line57         0.00010        0.10000        0.00111        0.08760        0.00045        0.06998        0.00274        0.10965        -228.84904     0              
Line58         0.00010        0.10000        0.00082        0.09740        0.00031        0.07811        0.00216        0.12147        -224.72030     0              
Line59         0.00010        0.10000        0.00093        0.08938        0.00036        0.07139        0.00239        0.11190        -228.52315     0              
