1	0	1	1
2	0	1	1
3	0	1	1
4	0	1	1
5	0	1	1
6	0	1	1
7	0	1	1
8	0	1	1
9	0	1	1
10	2	1	1
11	0	1	1
12	0	1	1
13	0	1	1
14	1	1	1
15	0	1	1
16	1	1	1
17	2	1	1
18	0	1	1
19	0	1	1
20	1	1	1
21	3	1	1
22	1	1	1
23	0	1	1
24	2	1	1
25	2	1	1
26	3	1	1
27	2	1	1
28	1	1	1
29	14	1	1
30	1	1	1
31	6	1	1
32	5	1	1
33	2	1	1
34	8	1	1
35	8	1	1
36	5	1	1
37	2	1	1
38	2	1	1
39	2	1	1
40	4	1	1
41	0	1	1
42	0	1	1
43	1	1	1
44	1	1	1
45	0	1	1
46	2	1	1
1	0	2	1
2	0	2	1
3	0	2	1
4	0	2	1
5	0	2	1
6	0	2	1
7	0	2	1
8	0	2	1
9	0	2	1
10	0	2	1
11	0	2	1
12	0	2	1
13	0	2	1
14	0	2	1
15	0	2	1
16	2	2	1
17	0	2	1
18	0	2	1
19	3	2	1
20	0	2	1
21	0	2	1
22	2	2	1
23	0	2	1
24	7	2	1
25	1	2	1
26	3	2	1
27	1	2	1
28	2	2	1
29	5	2	1
30	3	2	1
31	9	2	1
32	3	2	1
33	2	2	1
34	6	2	1
35	14	2	1
36	5	2	1
37	4	2	1
38	1	2	1
39	0	2	1
40	6	2	1
41	1	2	1
42	0	2	1
43	1	2	1
44	2	2	1
45	0	2	1
46	0	2	1
47	0	2	1
48	0	2	1
49	0	2	1
50	0	2	1
51	0	2	1
52	0	2	1
53	1	2	1
1	0	3	1
2	0	3	1
3	0	3	1
4	0	3	1
5	0	3	1
6	0	3	1
7	0	3	1
8	0	3	1
9	0	3	1
10	1	3	1
11	0	3	1
12	0	3	1
13	0	3	1
14	1	3	1
15	0	3	1
16	1	3	1
17	1	3	1
18	0	3	1
19	1	3	1
20	1	3	1
21	2	3	1
22	4	3	1
23	0	3	1
24	0	3	1
25	2	3	1
26	1	3	1
27	5	3	1
28	3	3	1
29	12	3	1
30	1	3	1
31	5	3	1
32	4	3	1
33	5	3	1
34	12	3	1
35	9	3	1
36	4	3	1
37	3	3	1
38	0	3	1
39	2	3	1
40	1	3	1
41	2	3	1
42	0	3	1
43	0	3	1
44	0	3	1
45	0	3	1
46	1	3	1
1	0	4	1
2	0	4	1
3	0	4	1
4	0	4	1
5	0	4	1
6	0	4	1
7	0	4	1
8	0	4	1
9	0	4	1
10	3	4	1
11	0	4	1
12	3	4	1
13	0	4	1
14	2	4	1
15	0	4	1
16	2	4	1
17	2	4	1
18	0	4	1
19	0	4	1
20	1	4	1
21	3	4	1
22	3	4	1
23	0	4	1
24	2	4	1
25	0	4	1
26	1	4	1
27	0	4	1
28	1	4	1
29	7	4	1
30	1	4	1
31	6	4	1
32	1	4	1
33	5	4	1
34	5	4	1
35	11	4	1
36	6	4	1
37	4	4	1
38	1	4	1
39	2	4	1
40	5	4	1
41	4	4	1
42	0	4	1
43	1	4	1
44	0	4	1
45	0	4	1
46	1	4	1
47	0	4	1
48	0	4	1
49	0	4	1
50	0	4	1
51	0	4	1
52	0	4	1
53	1	4	1
1	0	5	1
2	0	5	1
3	0	5	1
4	0	5	1
5	0	5	1
6	0	5	1
7	0	5	1
8	0	5	1
9	0	5	1
10	0	5	1
11	0	5	1
12	0	5	1
13	0	5	1
14	2	5	1
15	0	5	1
16	2	5	1
17	1	5	1
18	0	5	1
19	2	5	1
20	2	5	1
21	1	5	1
22	3	5	1
23	0	5	1
24	1	5	1
25	1	5	1
26	2	5	1
27	2	5	1
28	2	5	1
29	7	5	1
30	2	5	1
31	3	5	1
32	3	5	1
33	8	5	1
34	8	5	1
35	11	5	1
36	7	5	1
37	1	5	1
38	2	5	1
39	1	5	1
40	3	5	1
41	4	5	1
42	0	5	1
43	0	5	1
44	1	5	1
45	0	5	1
46	2	5	1
1	0	6	1
2	0	6	1
3	0	6	1
4	0	6	1
5	0	6	1
6	0	6	1
7	0	6	1
8	0	6	1
9	0	6	1
10	2	6	1
11	0	6	1
12	0	6	1
13	0	6	1
14	0	6	1
15	0	6	1
16	0	6	1
17	0	6	1
18	0	6	1
19	0	6	1
20	2	6	1
21	2	6	1
22	4	6	1
23	2	6	1
24	1	6	1
25	2	6	1
26	0	6	1
27	1	6	1
28	3	6	1
29	5	6	1
30	3	6	1
31	7	6	1
32	1	6	1
33	8	6	1
34	6	6	1
35	9	6	1
36	4	6	1
37	2	6	1
38	2	6	1
39	1	6	1
40	7	6	1
41	4	6	1
42	0	6	1
43	2	6	1
44	0	6	1
45	0	6	1
46	0	6	1
47	0	6	1
48	0	6	1
49	0	6	1
50	0	6	1
51	0	6	1
52	0	6	1
53	4	6	1
1	0	7	1
2	0	7	1
3	0	7	1
4	0	7	1
5	0	7	1
6	0	7	1
7	0	7	1
8	0	7	1
9	0	7	1
10	2	7	1
11	0	7	1
12	3	7	1
13	0	7	1
14	0	7	1
15	0	7	1
16	2	7	1
17	1	7	1
18	0	7	1
19	1	7	1
20	2	7	1
21	5	7	1
22	2	7	1
23	1	7	1
24	5	7	1
25	1	7	1
26	1	7	1
27	1	7	1
28	0	7	1
29	12	7	1
30	2	7	1
31	6	7	1
32	4	7	1
33	7	7	1
34	4	7	1
35	4	7	1
36	4	7	1
37	5	7	1
38	0	7	1
39	2	7	1
40	2	7	1
41	3	7	1
42	0	7	1
43	1	7	1
44	0	7	1
45	0	7	1
46	0	7	1
47	0	7	1
48	0	7	1
49	0	7	1
50	0	7	1
51	0	7	1
52	0	7	1
53	1	7	1
1	0	8	1
2	0	8	1
3	0	8	1
4	0	8	1
5	0	8	1
6	0	8	1
7	0	8	1
8	0	8	1
9	0	8	1
10	2	8	1
11	0	8	1
12	2	8	1
13	0	8	1
14	1	8	1
15	0	8	1
16	0	8	1
17	1	8	1
18	0	8	1
19	1	8	1
20	4	8	1
21	0	8	1
22	1	8	1
23	0	8	1
24	3	8	1
25	1	8	1
26	0	8	1
27	1	8	1
28	4	8	1
29	10	8	1
30	2	8	1
31	5	8	1
32	4	8	1
33	6	8	1
34	3	8	1
35	5	8	1
36	9	8	1
37	2	8	1
38	1	8	1
39	3	8	1
40	3	8	1
41	1	8	1
42	0	8	1
43	4	8	1
44	1	8	1
45	0	8	1
46	1	8	1
47	0	8	1
48	0	8	1
49	0	8	1
50	0	8	1
51	0	8	1
52	0	8	1
53	3	8	1
1	0	9	1
2	0	9	1
3	0	9	1
4	0	9	1
5	0	9	1
6	0	9	1
7	0	9	1
8	0	9	1
9	0	9	1
10	1	9	1
11	0	9	1
12	2	9	1
13	0	9	1
14	1	9	1
15	0	9	1
16	2	9	1
17	1	9	1
18	0	9	1
19	3	9	1
20	1	9	1
21	4	9	1
22	3	9	1
23	0	9	1
24	2	9	1
25	0	9	1
26	2	9	1
27	1	9	1
28	2	9	1
29	7	9	1
30	1	9	1
31	5	9	1
32	1	9	1
33	5	9	1
34	3	9	1
35	8	9	1
36	7	9	1
37	8	9	1
38	1	9	1
39	2	9	1
40	5	9	1
41	0	9	1
42	0	9	1
43	0	9	1
44	3	9	1
45	0	9	1
46	2	9	1
47	0	9	1
48	0	9	1
49	0	9	1
50	0	9	1
51	0	9	1
52	0	9	1
53	1	9	1
1	0	10	1
2	0	10	1
3	0	10	1
4	0	10	1
5	0	10	1
6	0	10	1
7	0	10	1
8	0	10	1
9	0	10	1
10	2	10	1
11	0	10	1
12	0	10	1
13	0	10	1
14	1	10	1
15	0	10	1
16	1	10	1
17	0	10	1
18	0	10	1
19	1	10	1
20	2	10	1
21	1	10	1
22	3	10	1
23	0	10	1
24	3	10	1
25	0	10	1
26	3	10	1
27	2	10	1
28	2	10	1
29	9	10	1
30	2	10	1
31	5	10	1
32	1	10	1
33	6	10	1
34	7	10	1
35	12	10	1
36	8	10	1
37	5	10	1
38	1	10	1
39	1	10	1
40	2	10	1
41	1	10	1
42	0	10	1
43	1	10	1
44	1	10	1
45	0	10	1
46	0	10	1
47	0	10	1
48	0	10	1
49	0	10	1
50	0	10	1
51	0	10	1
52	0	10	1
53	1	10	1
1	0	11	1
2	0	11	1
3	0	11	1
4	0	11	1
5	0	11	1
6	0	11	1
7	0	11	1
8	0	11	1
9	0	11	1
10	1	11	1
11	0	11	1
12	1	11	1
13	0	11	1
14	0	11	1
15	0	11	1
16	0	11	1
17	0	11	1
18	0	11	1
19	3	11	1
20	3	11	1
21	1	11	1
22	2	11	1
23	1	11	1
24	4	11	1
25	0	11	1
26	1	11	1
27	0	11	1
28	2	11	1
29	5	11	1
30	3	11	1
31	7	11	1
32	5	11	1
33	16	11	1
34	9	11	1
35	4	11	1
36	4	11	1
37	3	11	1
38	1	11	1
39	1	11	1
40	3	11	1
41	1	11	1
42	0	11	1
43	0	11	1
44	2	11	1
45	0	11	1
46	1	11	1
1	0	12	1
2	0	12	1
3	0	12	1
4	0	12	1
5	0	12	1
6	0	12	1
7	0	12	1
8	0	12	1
9	0	12	1
10	0	12	1
11	0	12	1
12	2	12	1
13	0	12	1
14	2	12	1
15	0	12	1
16	1	12	1
17	2	12	1
18	0	12	1
19	1	12	1
20	0	12	1
21	3	12	1
22	9	12	1
23	0	12	1
24	4	12	1
25	1	12	1
26	2	12	1
27	0	12	1
28	5	12	1
29	5	12	1
30	4	12	1
31	7	12	1
32	5	12	1
33	6	12	1
34	0	12	1
35	6	12	1
36	7	12	1
37	1	12	1
38	3	12	1
39	1	12	1
40	1	12	1
41	1	12	1
42	0	12	1
43	0	12	1
44	1	12	1
45	0	12	1
46	2	12	1
47	0	12	1
48	0	12	1
49	0	12	1
50	0	12	1
51	0	12	1
52	0	12	1
53	2	12	1
1	0	13	1
2	0	13	1
3	0	13	1
4	0	13	1
5	0	13	1
6	0	13	1
7	0	13	1
8	0	13	1
9	0	13	1
10	1	13	1
11	0	13	1
12	0	13	1
13	0	13	1
14	0	13	1
15	0	13	1
16	0	13	1
17	3	13	1
18	0	13	1
19	0	13	1
20	1	13	1
21	1	13	1
22	4	13	1
23	1	13	1
24	1	13	1
25	0	13	1
26	0	13	1
27	1	13	1
28	3	13	1
29	7	13	1
30	4	13	1
31	3	13	1
32	6	13	1
33	10	13	1
34	9	13	1
35	12	13	1
36	3	13	1
37	1	13	1
38	0	13	1
39	0	13	1
40	5	13	1
41	5	13	1
42	0	13	1
43	0	13	1
44	0	13	1
45	0	13	1
46	2	13	1
47	0	13	1
48	0	13	1
49	0	13	1
50	0	13	1
51	0	13	1
52	0	13	1
53	1	13	1
1	0	14	1
2	0	14	1
3	0	14	1
4	0	14	1
5	0	14	1
6	0	14	1
7	0	14	1
8	0	14	1
9	0	14	1
10	1	14	1
11	0	14	1
12	0	14	1
13	0	14	1
14	3	14	1
15	0	14	1
16	2	14	1
17	0	14	1
18	0	14	1
19	1	14	1
20	0	14	1
21	1	14	1
22	3	14	1
23	1	14	1
24	1	14	1
25	2	14	1
26	0	14	1
27	2	14	1
28	3	14	1
29	11	14	1
30	3	14	1
31	7	14	1
32	1	14	1
33	3	14	1
34	8	14	1
35	7	14	1
36	4	14	1
37	4	14	1
38	5	14	1
39	2	14	1
40	5	14	1
41	2	14	1
42	0	14	1
43	0	14	1
44	0	14	1
45	0	14	1
46	1	14	1
47	0	14	1
48	0	14	1
49	0	14	1
50	0	14	1
51	0	14	1
52	0	14	1
53	1	14	1
1	0	15	1
2	0	15	1
3	0	15	1
4	0	15	1
5	0	15	1
6	0	15	1
7	0	15	1
8	0	15	1
9	0	15	1
10	2	15	1
11	0	15	1
12	2	15	1
13	0	15	1
14	0	15	1
15	0	15	1
16	0	15	1
17	2	15	1
18	0	15	1
19	1	15	1
20	3	15	1
21	3	15	1
22	1	15	1
23	3	15	1
24	4	15	1
25	0	15	1
26	1	15	1
27	0	15	1
28	5	15	1
29	7	15	1
30	3	15	1
31	10	15	1
32	2	15	1
33	9	15	1
34	7	15	1
35	1	15	1
36	4	15	1
37	5	15	1
38	1	15	1
39	1	15	1
40	2	15	1
41	1	15	1
42	0	15	1
43	0	15	1
44	2	15	1
45	0	15	1
46	1	15	1
47	0	15	1
48	0	15	1
49	0	15	1
50	0	15	1
51	0	15	1
52	0	15	1
53	1	15	1
1	0	16	1
2	0	16	1
3	0	16	1
4	0	16	1
5	0	16	1
6	0	16	1
7	0	16	1
8	0	16	1
9	0	16	1
10	1	16	1
11	0	16	1
12	0	16	1
13	0	16	1
14	0	16	1
15	0	16	1
16	1	16	1
17	1	16	1
18	0	16	1
19	1	16	1
20	4	16	1
21	3	16	1
22	5	16	1
23	0	16	1
24	3	16	1
25	1	16	1
26	1	16	1
27	1	16	1
28	3	16	1
29	6	16	1
30	1	16	1
31	2	16	1
32	2	16	1
33	6	16	1
34	4	16	1
35	13	16	1
36	4	16	1
37	4	16	1
38	1	16	1
39	3	16	1
40	4	16	1
41	6	16	1
42	0	16	1
43	1	16	1
44	0	16	1
45	0	16	1
46	1	16	1
47	0	16	1
48	0	16	1
49	0	16	1
50	0	16	1
51	0	16	1
52	0	16	1
53	1	16	1
1	0	17	1
2	0	17	1
3	0	17	1
4	0	17	1
5	0	17	1
6	0	17	1
7	0	17	1
8	0	17	1
9	0	17	1
10	2	17	1
11	0	17	1
12	1	17	1
13	0	17	1
14	2	17	1
15	0	17	1
16	1	17	1
17	2	17	1
18	0	17	1
19	1	17	1
20	1	17	1
21	0	17	1
22	3	17	1
23	4	17	1
24	2	17	1
25	0	17	1
26	0	17	1
27	0	17	1
28	1	17	1
29	8	17	1
30	4	17	1
31	4	17	1
32	4	17	1
33	5	17	1
34	6	17	1
35	12	17	1
36	5	17	1
37	3	17	1
38	4	17	1
39	1	17	1
40	3	17	1
41	3	17	1
42	0	17	1
43	0	17	1
44	0	17	1
45	0	17	1
46	1	17	1
47	0	17	1
48	0	17	1
49	0	17	1
50	0	17	1
51	0	17	1
52	0	17	1
53	1	17	1
1	0	18	1
2	0	18	1
3	0	18	1
4	0	18	1
5	0	18	1
6	0	18	1
7	0	18	1
8	0	18	1
9	0	18	1
10	1	18	1
11	0	18	1
12	1	18	1
13	0	18	1
14	1	18	1
15	0	18	1
16	1	18	1
17	2	18	1
18	0	18	1
19	1	18	1
20	1	18	1
21	1	18	1
22	4	18	1
23	0	18	1
24	2	18	1
25	1	18	1
26	1	18	1
27	2	18	1
28	2	18	1
29	13	18	1
30	1	18	1
31	7	18	1
32	3	18	1
33	10	18	1
34	4	18	1
35	4	18	1
36	3	18	1
37	3	18	1
38	5	18	1
39	2	18	1
40	4	18	1
41	3	18	1
42	0	18	1
43	1	18	1
1	0	19	1
2	0	19	1
3	0	19	1
4	0	19	1
5	0	19	1
6	0	19	1
7	0	19	1
8	0	19	1
9	0	19	1
10	1	19	1
11	0	19	1
12	2	19	1
13	0	19	1
14	1	19	1
15	0	19	1
16	1	19	1
17	1	19	1
18	0	19	1
19	1	19	1
20	2	19	1
21	0	19	1
22	1	19	1
23	2	19	1
24	6	19	1
25	1	19	1
26	0	19	1
27	0	19	1
28	4	19	1
29	9	19	1
30	1	19	1
31	6	19	1
32	2	19	1
33	8	19	1
34	2	19	1
35	12	19	1
36	6	19	1
37	3	19	1
38	2	19	1
39	3	19	1
40	2	19	1
41	2	19	1
42	0	19	1
43	0	19	1
44	3	19	1
1	0	20	1
2	0	20	1
3	0	20	1
4	0	20	1
5	0	20	1
6	0	20	1
7	0	20	1
8	0	20	1
9	0	20	1
10	1	20	1
11	0	20	1
12	1	20	1
13	0	20	1
14	0	20	1
15	0	20	1
16	1	20	1
17	1	20	1
18	0	20	1
19	1	20	1
20	2	20	1
21	1	20	1
22	3	20	1
23	1	20	1
24	6	20	1
25	3	20	1
26	0	20	1
27	0	20	1
28	1	20	1
29	6	20	1
30	2	20	1
31	5	20	1
32	2	20	1
33	7	20	1
34	7	20	1
35	5	20	1
36	7	20	1
37	5	20	1
38	4	20	1
39	1	20	1
40	2	20	1
41	4	20	1
42	0	20	1
43	3	20	1
44	1	20	1
45	0	20	1
46	0	20	1
47	0	20	1
48	0	20	1
49	0	20	1
50	0	20	1
51	0	20	1
52	0	20	1
53	1	20	1
1	0	21	1
2	0	21	1
3	0	21	1
4	0	21	1
5	0	21	1
6	0	21	1
7	0	21	1
8	0	21	1
9	0	21	1
10	1	21	1
11	0	21	1
12	3	21	1
13	0	21	1
14	0	21	1
15	0	21	1
16	2	21	1
17	0	21	1
18	0	21	1
19	0	21	1
20	0	21	1
21	4	21	1
22	3	21	1
23	3	21	1
24	5	21	1
25	3	21	1
26	0	21	1
27	2	21	1
28	4	21	1
29	8	21	1
30	4	21	1
31	4	21	1
32	1	21	1
33	9	21	1
34	3	21	1
35	4	21	1
36	8	21	1
37	5	21	1
38	1	21	1
39	0	21	1
40	4	21	1
41	0	21	1
42	0	21	1
43	1	21	1
44	1	21	1
45	0	21	1
46	0	21	1
47	0	21	1
48	0	21	1
49	0	21	1
50	0	21	1
51	0	21	1
52	0	21	1
53	1	21	1
1	0	22	1
2	0	22	1
3	0	22	1
4	0	22	1
5	0	22	1
6	0	22	1
7	0	22	1
8	0	22	1
9	0	22	1
10	1	22	1
11	0	22	1
12	0	22	1
13	0	22	1
14	3	22	1
15	0	22	1
16	1	22	1
17	1	22	1
18	0	22	1
19	1	22	1
20	2	22	1
21	2	22	1
22	4	22	1
23	1	22	1
24	3	22	1
25	4	22	1
26	0	22	1
27	2	22	1
28	5	22	1
29	4	22	1
30	5	22	1
31	3	22	1
32	2	22	1
33	4	22	1
34	6	22	1
35	7	22	1
36	6	22	1
37	6	22	1
38	0	22	1
39	2	22	1
40	1	22	1
41	3	22	1
42	0	22	1
43	1	22	1
44	2	22	1
45	0	22	1
46	1	22	1
47	0	22	1
48	0	22	1
49	0	22	1
50	0	22	1
51	0	22	1
52	0	22	1
53	1	22	1
1	0	23	1
2	0	23	1
3	0	23	1
4	0	23	1
5	0	23	1
6	0	23	1
7	0	23	1
8	0	23	1
9	0	23	1
10	0	23	1
11	0	23	1
12	1	23	1
13	0	23	1
14	1	23	1
15	0	23	1
16	1	23	1
17	1	23	1
18	0	23	1
19	0	23	1
20	2	23	1
21	2	23	1
22	5	23	1
23	2	23	1
24	3	23	1
25	0	23	1
26	2	23	1
27	1	23	1
28	2	23	1
29	4	23	1
30	0	23	1
31	7	23	1
32	4	23	1
33	7	23	1
34	6	23	1
35	7	23	1
36	4	23	1
37	3	23	1
38	1	23	1
39	4	23	1
40	0	23	1
41	6	23	1
42	0	23	1
43	3	23	1
44	2	23	1
45	0	23	1
46	3	23	1
1	0	24	1
2	0	24	1
3	0	24	1
4	0	24	1
5	0	24	1
6	0	24	1
7	0	24	1
8	0	24	1
9	0	24	1
10	1	24	1
11	0	24	1
12	2	24	1
13	0	24	1
14	0	24	1
15	0	24	1
16	2	24	1
17	1	24	1
18	0	24	1
19	2	24	1
20	0	24	1
21	0	24	1
22	2	24	1
23	0	24	1
24	4	24	1
25	1	24	1
26	0	24	1
27	1	24	1
28	6	24	1
29	8	24	1
30	5	24	1
31	6	24	1
32	4	24	1
33	7	24	1
34	4	24	1
35	9	24	1
36	5	24	1
37	0	24	1
38	2	24	1
39	0	24	1
40	5	24	1
41	3	24	1
42	0	24	1
43	0	24	1
44	0	24	1
45	0	24	1
46	2	24	1
47	0	24	1
48	0	24	1
49	0	24	1
50	0	24	1
51	0	24	1
52	0	24	1
53	2	24	1
1	0	25	1
2	0	25	1
3	0	25	1
4	0	25	1
5	0	25	1
6	0	25	1
7	0	25	1
8	0	25	1
9	0	25	1
10	1	25	1
11	0	25	1
12	4	25	1
13	0	25	1
14	1	25	1
15	0	25	1
16	0	25	1
17	2	25	1
18	0	25	1
19	2	25	1
20	0	25	1
21	0	25	1
22	5	25	1
23	1	25	1
24	2	25	1
25	0	25	1
26	2	25	1
27	1	25	1
28	2	25	1
29	5	25	1
30	1	25	1
31	11	25	1
32	3	25	1
33	2	25	1
34	6	25	1
35	5	25	1
36	8	25	1
37	4	25	1
38	1	25	1
39	2	25	1
40	3	25	1
41	3	25	1
42	0	25	1
43	2	25	1
44	1	25	1
45	0	25	1
46	1	25	1
47	0	25	1
48	0	25	1
49	0	25	1
50	0	25	1
51	0	25	1
52	0	25	1
53	3	25	1
1	0	26	1
2	0	26	1
3	0	26	1
4	0	26	1
5	0	26	1
6	0	26	1
7	0	26	1
8	0	26	1
9	0	26	1
10	1	26	1
11	0	26	1
12	1	26	1
13	0	26	1
14	2	26	1
15	0	26	1
16	0	26	1
17	1	26	1
18	0	26	1
19	1	26	1
20	0	26	1
21	2	26	1
22	1	26	1
23	2	26	1
24	4	26	1
25	1	26	1
26	1	26	1
27	0	26	1
28	1	26	1
29	7	26	1
30	3	26	1
31	4	26	1
32	3	26	1
33	11	26	1
34	8	26	1
35	11	26	1
36	2	26	1
37	4	26	1
38	2	26	1
39	4	26	1
40	3	26	1
41	2	26	1
42	0	26	1
43	0	26	1
44	1	26	1
45	0	26	1
46	1	26	1
1	0	27	1
2	0	27	1
3	0	27	1
4	0	27	1
5	0	27	1
6	0	27	1
7	0	27	1
8	0	27	1
9	0	27	1
10	1	27	1
11	0	27	1
12	1	27	1
13	0	27	1
14	0	27	1
15	0	27	1
16	0	27	1
17	0	27	1
18	0	27	1
19	1	27	1
20	1	27	1
21	2	27	1
22	1	27	1
23	1	27	1
24	5	27	1
25	0	27	1
26	3	27	1
27	0	27	1
28	8	27	1
29	7	27	1
30	2	27	1
31	12	27	1
32	1	27	1
33	7	27	1
34	2	27	1
35	8	27	1
36	8	27	1
37	6	27	1
38	0	27	1
39	0	27	1
40	0	27	1
41	3	27	1
42	0	27	1
43	2	27	1
44	0	27	1
45	0	27	1
46	0	27	1
47	0	27	1
48	0	27	1
49	0	27	1
50	0	27	1
51	0	27	1
52	0	27	1
53	2	27	1
1	0	28	1
2	0	28	1
3	0	28	1
4	0	28	1
5	0	28	1
6	0	28	1
7	0	28	1
8	0	28	1
9	0	28	1
10	2	28	1
11	0	28	1
12	0	28	1
13	0	28	1
14	0	28	1
15	0	28	1
16	2	28	1
17	2	28	1
18	0	28	1
19	1	28	1
20	2	28	1
21	1	28	1
22	4	28	1
23	4	28	1
24	2	28	1
25	0	28	1
26	3	28	1
27	3	28	1
28	2	28	1
29	6	28	1
30	2	28	1
31	5	28	1
32	3	28	1
33	6	28	1
34	2	28	1
35	9	28	1
36	4	28	1
37	4	28	1
38	1	28	1
39	3	28	1
40	3	28	1
41	0	28	1
42	0	28	1
43	1	28	1
44	4	28	1
45	0	28	1
46	2	28	1
47	0	28	1
48	0	28	1
49	0	28	1
50	0	28	1
51	0	28	1
52	0	28	1
53	1	28	1
1	0	29	1
2	0	29	1
3	0	29	1
4	0	29	1
5	0	29	1
6	0	29	1
7	0	29	1
8	0	29	1
9	0	29	1
10	1	29	1
11	0	29	1
12	3	29	1
13	0	29	1
14	1	29	1
15	0	29	1
16	2	29	1
17	1	29	1
18	0	29	1
19	0	29	1
20	0	29	1
21	5	29	1
22	1	29	1
23	3	29	1
24	3	29	1
25	1	29	1
26	1	29	1
27	2	29	1
28	4	29	1
29	12	29	1
30	3	29	1
31	3	29	1
32	1	29	1
33	4	29	1
34	5	29	1
35	4	29	1
36	6	29	1
37	3	29	1
38	0	29	1
39	3	29	1
40	5	29	1
41	3	29	1
42	0	29	1
43	1	29	1
44	2	29	1
45	0	29	1
46	0	29	1
47	0	29	1
48	0	29	1
49	0	29	1
50	0	29	1
51	0	29	1
52	0	29	1
53	1	29	1
1	0	30	1
2	0	30	1
3	0	30	1
4	0	30	1
5	0	30	1
6	0	30	1
7	0	30	1
8	0	30	1
9	0	30	1
10	1	30	1
11	0	30	1
12	1	30	1
13	0	30	1
14	0	30	1
15	0	30	1
16	1	30	1
17	1	30	1
18	0	30	1
19	0	30	1
20	1	30	1
21	2	30	1
22	2	30	1
23	2	30	1
24	1	30	1
25	1	30	1
26	2	30	1
27	3	30	1
28	3	30	1
29	4	30	1
30	3	30	1
31	6	30	1
32	5	30	1
33	5	30	1
34	9	30	1
35	6	30	1
36	6	30	1
37	5	30	1
38	2	30	1
39	1	30	1
40	4	30	1
41	1	30	1
42	0	30	1
43	2	30	1
44	1	30	1
45	0	30	1
46	0	30	1
47	0	30	1
48	0	30	1
49	0	30	1
50	0	30	1
51	0	30	1
52	0	30	1
53	3	30	1
1	0	31	1
2	0	31	1
3	0	31	1
4	0	31	1
5	0	31	1
6	0	31	1
7	0	31	1
8	0	31	1
9	0	31	1
10	1	31	1
11	0	31	1
12	0	31	1
13	0	31	1
14	2	31	1
15	0	31	1
16	2	31	1
17	0	31	1
18	0	31	1
19	0	31	1
20	1	31	1
21	0	31	1
22	8	31	1
23	0	31	1
24	4	31	1
25	0	31	1
26	1	31	1
27	0	31	1
28	1	31	1
29	9	31	1
30	3	31	1
31	8	31	1
32	3	31	1
33	7	31	1
34	3	31	1
35	5	31	1
36	8	31	1
37	7	31	1
38	1	31	1
39	2	31	1
40	2	31	1
41	2	31	1
42	0	31	1
43	2	31	1
44	1	31	1
45	0	31	1
46	0	31	1
47	0	31	1
48	0	31	1
49	0	31	1
50	0	31	1
51	0	31	1
52	0	31	1
53	1	31	1
1	0	32	1
2	0	32	1
3	0	32	1
4	0	32	1
5	0	32	1
6	0	32	1
7	0	32	1
8	0	32	1
9	0	32	1
10	2	32	1
11	0	32	1
12	1	32	1
13	0	32	1
14	2	32	1
15	0	32	1
16	1	32	1
17	0	32	1
18	0	32	1
19	1	32	1
20	0	32	1
21	0	32	1
22	3	32	1
23	1	32	1
24	3	32	1
25	0	32	1
26	0	32	1
27	0	32	1
28	0	32	1
29	8	32	1
30	1	32	1
31	8	32	1
32	5	32	1
33	11	32	1
34	8	32	1
35	7	32	1
36	6	32	1
37	6	32	1
38	1	32	1
39	1	32	1
40	1	32	1
41	4	32	1
42	0	32	1
43	0	32	1
44	1	32	1
45	0	32	1
46	2	32	1
1	0	33	1
2	0	33	1
3	0	33	1
4	0	33	1
5	0	33	1
6	0	33	1
7	0	33	1
8	0	33	1
9	0	33	1
10	2	33	1
11	0	33	1
12	4	33	1
13	0	33	1
14	0	33	1
15	0	33	1
16	0	33	1
17	1	33	1
18	0	33	1
19	0	33	1
20	0	33	1
21	1	33	1
22	3	33	1
23	1	33	1
24	3	33	1
25	0	33	1
26	0	33	1
27	0	33	1
28	3	33	1
29	10	33	1
30	1	33	1
31	8	33	1
32	0	33	1
33	4	33	1
34	7	33	1
35	9	33	1
36	9	33	1
37	5	33	1
38	4	33	1
39	2	33	1
40	4	33	1
41	1	33	1
42	0	33	1
43	1	33	1
44	0	33	1
45	0	33	1
46	1	33	1
1	0	34	1
2	0	34	1
3	0	34	1
4	0	34	1
5	0	34	1
6	0	34	1
7	0	34	1
8	0	34	1
9	0	34	1
10	1	34	1
11	0	34	1
12	0	34	1
13	0	34	1
14	0	34	1
15	0	34	1
16	3	34	1
17	2	34	1
18	0	34	1
19	0	34	1
20	0	34	1
21	2	34	1
22	5	34	1
23	2	34	1
24	3	34	1
25	0	34	1
26	1	34	1
27	0	34	1
28	5	34	1
29	10	34	1
30	1	34	1
31	9	34	1
32	6	34	1
33	5	34	1
34	6	34	1
35	8	34	1
36	5	34	1
37	2	34	1
38	0	34	1
39	1	34	1
40	3	34	1
41	2	34	1
42	0	34	1
43	0	34	1
44	0	34	1
45	0	34	1
46	2	34	1
1	0	35	1
2	0	35	1
3	0	35	1
4	0	35	1
5	0	35	1
6	0	35	1
7	0	35	1
8	0	35	1
9	0	35	1
10	0	35	1
11	0	35	1
12	1	35	1
13	0	35	1
14	0	35	1
15	0	35	1
16	5	35	1
17	1	35	1
18	0	35	1
19	1	35	1
20	1	35	1
21	0	35	1
22	6	35	1
23	1	35	1
24	4	35	1
25	0	35	1
26	0	35	1
27	0	35	1
28	7	35	1
29	5	35	1
30	4	35	1
31	5	35	1
32	3	35	1
33	8	35	1
34	3	35	1
35	3	35	1
36	3	35	1
37	4	35	1
38	2	35	1
39	1	35	1
40	3	35	1
41	7	35	1
42	0	35	1
43	0	35	1
44	3	35	1
45	0	35	1
46	3	35	1
1	0	36	1
2	0	36	1
3	0	36	1
4	0	36	1
5	0	36	1
6	0	36	1
7	0	36	1
8	0	36	1
9	0	36	1
10	1	36	1
11	0	36	1
12	1	36	1
13	0	36	1
14	0	36	1
15	0	36	1
16	0	36	1
17	1	36	1
18	0	36	1
19	1	36	1
20	1	36	1
21	0	36	1
22	5	36	1
23	1	36	1
24	3	36	1
25	0	36	1
26	0	36	1
27	0	36	1
28	4	36	1
29	8	36	1
30	1	36	1
31	5	36	1
32	5	36	1
33	5	36	1
34	13	36	1
35	11	36	1
36	1	36	1
37	3	36	1
38	1	36	1
39	3	36	1
40	3	36	1
41	2	36	1
42	0	36	1
43	1	36	1
44	1	36	1
45	0	36	1
46	2	36	1
47	0	36	1
48	0	36	1
49	0	36	1
50	0	36	1
51	0	36	1
52	0	36	1
53	1	36	1
1	0	37	1
2	0	37	1
3	0	37	1
4	0	37	1
5	0	37	1
6	0	37	1
7	0	37	1
8	0	37	1
9	0	37	1
10	1	37	1
11	0	37	1
12	1	37	1
13	0	37	1
14	1	37	1
15	0	37	1
16	2	37	1
17	1	37	1
18	0	37	1
19	0	37	1
20	2	37	1
21	2	37	1
22	5	37	1
23	1	37	1
24	3	37	1
25	0	37	1
26	0	37	1
27	3	37	1
28	1	37	1
29	10	37	1
30	5	37	1
31	7	37	1
32	3	37	1
33	7	37	1
34	3	37	1
35	5	37	1
36	1	37	1
37	3	37	1
38	1	37	1
39	4	37	1
40	3	37	1
41	4	37	1
42	0	37	1
43	2	37	1
44	2	37	1
45	0	37	1
46	0	37	1
47	0	37	1
48	0	37	1
49	0	37	1
50	0	37	1
51	0	37	1
52	0	37	1
53	1	37	1
1	0	38	1
2	0	38	1
3	0	38	1
4	0	38	1
5	0	38	1
6	0	38	1
7	0	38	1
8	0	38	1
9	0	38	1
10	2	38	1
11	0	38	1
12	0	38	1
13	0	38	1
14	0	38	1
15	0	38	1
16	0	38	1
17	1	38	1
18	0	38	1
19	1	38	1
20	1	38	1
21	5	38	1
22	2	38	1
23	0	38	1
24	4	38	1
25	0	38	1
26	2	38	1
27	1	38	1
28	3	38	1
29	7	38	1
30	4	38	1
31	5	38	1
32	4	38	1
33	4	38	1
34	7	38	1
35	6	38	1
36	5	38	1
37	3	38	1
38	5	38	1
39	0	38	1
40	4	38	1
41	3	38	1
42	0	38	1
43	1	38	1
44	1	38	1
45	0	38	1
46	2	38	1
47	0	38	1
48	0	38	1
49	0	38	1
50	0	38	1
51	0	38	1
52	0	38	1
53	1	38	1
1	0	39	1
2	0	39	1
3	0	39	1
4	0	39	1
5	0	39	1
6	0	39	1
7	0	39	1
8	0	39	1
9	0	39	1
10	0	39	1
11	0	39	1
12	0	39	1
13	0	39	1
14	0	39	1
15	0	39	1
16	2	39	1
17	2	39	1
18	0	39	1
19	1	39	1
20	1	39	1
21	1	39	1
22	5	39	1
23	0	39	1
24	4	39	1
25	3	39	1
26	0	39	1
27	0	39	1
28	4	39	1
29	10	39	1
30	2	39	1
31	6	39	1
32	1	39	1
33	6	39	1
34	8	39	1
35	5	39	1
36	7	39	1
37	7	39	1
38	1	39	1
39	2	39	1
40	0	39	1
41	1	39	1
42	0	39	1
43	1	39	1
44	0	39	1
45	0	39	1
46	3	39	1
47	0	39	1
48	0	39	1
49	0	39	1
50	0	39	1
51	0	39	1
52	0	39	1
53	1	39	1
1	0	40	1
2	0	40	1
3	0	40	1
4	0	40	1
5	0	40	1
6	0	40	1
7	0	40	1
8	0	40	1
9	0	40	1
10	0	40	1
11	0	40	1
12	0	40	1
13	0	40	1
14	2	40	1
15	0	40	1
16	1	40	1
17	2	40	1
18	0	40	1
19	1	40	1
20	3	40	1
21	1	40	1
22	6	40	1
23	0	40	1
24	3	40	1
25	1	40	1
26	0	40	1
27	1	40	1
28	1	40	1
29	11	40	1
30	2	40	1
31	5	40	1
32	3	40	1
33	9	40	1
34	8	40	1
35	5	40	1
36	7	40	1
37	2	40	1
38	0	40	1
39	0	40	1
40	3	40	1
41	2	40	1
42	0	40	1
43	1	40	1
44	1	40	1
45	0	40	1
46	1	40	1
47	0	40	1
48	0	40	1
49	0	40	1
50	0	40	1
51	0	40	1
52	0	40	1
53	2	40	1
1	0	41	1
2	0	41	1
3	0	41	1
4	0	41	1
5	0	41	1
6	0	41	1
7	0	41	1
8	0	41	1
9	0	41	1
10	0	41	1
11	0	41	1
12	1	41	1
13	0	41	1
14	0	41	1
15	0	41	1
16	0	41	1
17	2	41	1
18	0	41	1
19	1	41	1
20	1	41	1
21	0	41	1
22	2	41	1
23	3	41	1
24	0	41	1
25	2	41	1
26	1	41	1
27	3	41	1
28	2	41	1
29	6	41	1
30	3	41	1
31	9	41	1
32	5	41	1
33	6	41	1
34	7	41	1
35	9	41	1
36	7	41	1
37	2	41	1
38	2	41	1
39	3	41	1
40	2	41	1
41	3	41	1
42	0	41	1
43	1	41	1
44	0	41	1
45	0	41	1
46	1	41	1
1	0	42	1
2	0	42	1
3	0	42	1
4	0	42	1
5	0	42	1
6	0	42	1
7	0	42	1
8	0	42	1
9	0	42	1
10	0	42	1
11	0	42	1
12	0	42	1
13	0	42	1
14	3	42	1
15	0	42	1
16	2	42	1
17	0	42	1
18	0	42	1
19	0	42	1
20	3	42	1
21	4	42	1
22	1	42	1
23	2	42	1
24	3	42	1
25	2	42	1
26	1	42	1
27	1	42	1
28	1	42	1
29	8	42	1
30	1	42	1
31	7	42	1
32	3	42	1
33	7	42	1
34	3	42	1
35	9	42	1
36	9	42	1
37	5	42	1
38	1	42	1
39	2	42	1
40	1	42	1
41	0	42	1
42	0	42	1
43	1	42	1
44	2	42	1
45	0	42	1
46	1	42	1
47	0	42	1
48	0	42	1
49	0	42	1
50	0	42	1
51	0	42	1
52	0	42	1
53	1	42	1
1	0	43	1
2	0	43	1
3	0	43	1
4	0	43	1
5	0	43	1
6	0	43	1
7	0	43	1
8	0	43	1
9	0	43	1
10	1	43	1
11	0	43	1
12	0	43	1
13	0	43	1
14	1	43	1
15	0	43	1
16	2	43	1
17	2	43	1
18	0	43	1
19	2	43	1
20	0	43	1
21	1	43	1
22	4	43	1
23	1	43	1
24	7	43	1
25	0	43	1
26	2	43	1
27	1	43	1
28	3	43	1
29	7	43	1
30	2	43	1
31	5	43	1
32	4	43	1
33	5	43	1
34	8	43	1
35	4	43	1
36	5	43	1
37	5	43	1
38	3	43	1
39	3	43	1
40	2	43	1
41	1	43	1
42	0	43	1
43	0	43	1
44	0	43	1
45	0	43	1
46	0	43	1
47	0	43	1
48	0	43	1
49	0	43	1
50	0	43	1
51	0	43	1
52	0	43	1
53	3	43	1
1	0	44	1
2	0	44	1
3	0	44	1
4	0	44	1
5	0	44	1
6	0	44	1
7	0	44	1
8	0	44	1
9	0	44	1
10	0	44	1
11	0	44	1
12	2	44	1
13	0	44	1
14	0	44	1
15	0	44	1
16	0	44	1
17	1	44	1
18	0	44	1
19	2	44	1
20	1	44	1
21	3	44	1
22	8	44	1
23	1	44	1
24	4	44	1
25	1	44	1
26	1	44	1
27	0	44	1
28	3	44	1
29	6	44	1
30	0	44	1
31	5	44	1
32	2	44	1
33	14	44	1
34	7	44	1
35	4	44	1
36	5	44	1
37	5	44	1
38	0	44	1
39	2	44	1
40	4	44	1
41	1	44	1
42	0	44	1
43	0	44	1
44	1	44	1
45	0	44	1
46	1	44	1
1	0	45	1
2	0	45	1
3	0	45	1
4	0	45	1
5	0	45	1
6	0	45	1
7	0	45	1
8	0	45	1
9	0	45	1
10	2	45	1
11	0	45	1
12	0	45	1
13	0	45	1
14	1	45	1
15	0	45	1
16	1	45	1
17	1	45	1
18	0	45	1
19	3	45	1
20	2	45	1
21	1	45	1
22	3	45	1
23	2	45	1
24	2	45	1
25	1	45	1
26	1	45	1
27	1	45	1
28	3	45	1
29	10	45	1
30	2	45	1
31	6	45	1
32	6	45	1
33	5	45	1
34	3	45	1
35	5	45	1
36	3	45	1
37	7	45	1
38	4	45	1
39	2	45	1
40	2	45	1
41	0	45	1
42	0	45	1
43	2	45	1
44	1	45	1
45	0	45	1
46	2	45	1
1	0	46	1
2	0	46	1
3	0	46	1
4	0	46	1
5	0	46	1
6	0	46	1
7	0	46	1
8	0	46	1
9	0	46	1
10	2	46	1
11	0	46	1
12	3	46	1
13	0	46	1
14	0	46	1
15	0	46	1
16	0	46	1
17	2	46	1
18	0	46	1
19	1	46	1
20	0	46	1
21	3	46	1
22	4	46	1
23	0	46	1
24	6	46	1
25	2	46	1
26	0	46	1
27	1	46	1
28	3	46	1
29	7	46	1
30	1	46	1
31	4	46	1
32	7	46	1
33	9	46	1
34	4	46	1
35	5	46	1
36	8	46	1
37	2	46	1
38	2	46	1
39	3	46	1
40	2	46	1
41	0	46	1
42	0	46	1
43	2	46	1
44	0	46	1
45	0	46	1
46	1	46	1
1	0	47	1
2	0	47	1
3	0	47	1
4	0	47	1
5	0	47	1
6	0	47	1
7	0	47	1
8	0	47	1
9	0	47	1
10	1	47	1
11	0	47	1
12	1	47	1
13	0	47	1
14	0	47	1
15	0	47	1
16	1	47	1
17	0	47	1
18	0	47	1
19	1	47	1
20	4	47	1
21	4	47	1
22	5	47	1
23	0	47	1
24	1	47	1
25	1	47	1
26	2	47	1
27	1	47	1
28	0	47	1
29	5	47	1
30	1	47	1
31	6	47	1
32	5	47	1
33	5	47	1
34	3	47	1
35	8	47	1
36	10	47	1
37	4	47	1
38	3	47	1
39	0	47	1
40	3	47	1
41	2	47	1
42	0	47	1
43	2	47	1
44	2	47	1
45	0	47	1
46	1	47	1
47	0	47	1
48	0	47	1
49	0	47	1
50	0	47	1
51	0	47	1
52	0	47	1
53	2	47	1
1	0	48	1
2	0	48	1
3	0	48	1
4	0	48	1
5	0	48	1
6	0	48	1
7	0	48	1
8	0	48	1
9	0	48	1
10	0	48	1
11	0	48	1
12	1	48	1
13	0	48	1
14	0	48	1
15	0	48	1
16	1	48	1
17	0	48	1
18	0	48	1
19	1	48	1
20	0	48	1
21	2	48	1
22	6	48	1
23	1	48	1
24	4	48	1
25	1	48	1
26	0	48	1
27	1	48	1
28	2	48	1
29	14	48	1
30	2	48	1
31	4	48	1
32	3	48	1
33	12	48	1
34	5	48	1
35	7	48	1
36	4	48	1
37	5	48	1
38	1	48	1
39	0	48	1
40	2	48	1
41	2	48	1
42	0	48	1
43	0	48	1
44	2	48	1
45	0	48	1
46	1	48	1
1	0	49	1
2	0	49	1
3	0	49	1
4	0	49	1
5	0	49	1
6	0	49	1
7	0	49	1
8	0	49	1
9	0	49	1
10	0	49	1
11	0	49	1
12	0	49	1
13	0	49	1
14	1	49	1
15	0	49	1
16	0	49	1
17	1	49	1
18	0	49	1
19	3	49	1
20	0	49	1
21	5	49	1
22	3	49	1
23	0	49	1
24	2	49	1
25	0	49	1
26	3	49	1
27	5	49	1
28	2	49	1
29	9	49	1
30	1	49	1
31	9	49	1
32	1	49	1
33	5	49	1
34	6	49	1
35	5	49	1
36	8	49	1
37	2	49	1
38	3	49	1
39	2	49	1
40	2	49	1
41	3	49	1
42	0	49	1
43	2	49	1
44	0	49	1
45	0	49	1
46	0	49	1
47	0	49	1
48	0	49	1
49	0	49	1
50	0	49	1
51	0	49	1
52	0	49	1
53	1	49	1
1	0	50	1
2	0	50	1
3	0	50	1
4	0	50	1
5	0	50	1
6	0	50	1
7	0	50	1
8	0	50	1
9	0	50	1
10	1	50	1
11	0	50	1
12	2	50	1
13	0	50	1
14	1	50	1
15	0	50	1
16	0	50	1
17	0	50	1
18	0	50	1
19	2	50	1
20	0	50	1
21	3	50	1
22	2	50	1
23	0	50	1
24	3	50	1
25	1	50	1
26	1	50	1
27	4	50	1
28	4	50	1
29	3	50	1
30	2	50	1
31	13	50	1
32	7	50	1
33	2	50	1
34	4	50	1
35	4	50	1
36	8	50	1
37	2	50	1
38	0	50	1
39	2	50	1
40	5	50	1
41	2	50	1
42	0	50	1
43	0	50	1
44	2	50	1
45	0	50	1
46	2	50	1
47	0	50	1
48	0	50	1
49	0	50	1
50	0	50	1
51	0	50	1
52	0	50	1
53	2	50	1
1	0	51	1
2	0	51	1
3	0	51	1
4	0	51	1
5	0	51	1
6	0	51	1
7	0	51	1
8	0	51	1
9	0	51	1
10	1	51	1
11	0	51	1
12	2	51	1
13	0	51	1
14	2	51	1
15	0	51	1
16	0	51	1
17	0	51	1
18	0	51	1
19	4	51	1
20	1	51	1
21	3	51	1
22	0	51	1
23	2	51	1
24	3	51	1
25	1	51	1
26	1	51	1
27	0	51	1
28	5	51	1
29	6	51	1
30	1	51	1
31	7	51	1
32	1	51	1
33	9	51	1
34	2	51	1
35	8	51	1
36	7	51	1
37	3	51	1
38	1	51	1
39	4	51	1
40	2	51	1
41	2	51	1
42	0	51	1
43	1	51	1
44	2	51	1
45	0	51	1
46	2	51	1
47	0	51	1
48	0	51	1
49	0	51	1
50	0	51	1
51	0	51	1
52	0	51	1
53	1	51	1
1	0	52	1
2	0	52	1
3	0	52	1
4	0	52	1
5	0	52	1
6	0	52	1
7	0	52	1
8	0	52	1
9	0	52	1
10	2	52	1
11	0	52	1
12	1	52	1
13	0	52	1
14	3	52	1
15	0	52	1
16	2	52	1
17	1	52	1
18	0	52	1
19	0	52	1
20	1	52	1
21	2	52	1
22	2	52	1
23	2	52	1
24	4	52	1
25	1	52	1
26	1	52	1
27	1	52	1
28	3	52	1
29	6	52	1
30	0	52	1
31	9	52	1
32	2	52	1
33	9	52	1
34	5	52	1
35	6	52	1
36	5	52	1
37	7	52	1
38	2	52	1
39	3	52	1
40	1	52	1
41	2	52	1
42	0	52	1
43	0	52	1
44	0	52	1
45	0	52	1
46	0	52	1
47	0	52	1
48	0	52	1
49	0	52	1
50	0	52	1
51	0	52	1
52	0	52	1
53	1	52	1
1	0	53	1
2	0	53	1
3	0	53	1
4	0	53	1
5	0	53	1
6	0	53	1
7	0	53	1
8	0	53	1
9	0	53	1
10	1	53	1
11	0	53	1
12	2	53	1
13	0	53	1
14	1	53	1
15	0	53	1
16	4	53	1
17	1	53	1
18	0	53	1
19	0	53	1
20	0	53	1
21	1	53	1
22	5	53	1
23	2	53	1
24	3	53	1
25	2	53	1
26	0	53	1
27	0	53	1
28	4	53	1
29	10	53	1
30	2	53	1
31	4	53	1
32	6	53	1
33	7	53	1
34	7	53	1
35	3	53	1
36	2	53	1
37	6	53	1
38	0	53	1
39	4	53	1
40	2	53	1
41	1	53	1
42	0	53	1
43	0	53	1
44	0	53	1
45	0	53	1
46	3	53	1
47	0	53	1
48	0	53	1
49	0	53	1
50	0	53	1
51	0	53	1
52	0	53	1
53	1	53	1
1	0	54	1
2	0	54	1
3	0	54	1
4	0	54	1
5	0	54	1
6	0	54	1
7	0	54	1
8	0	54	1
9	0	54	1
10	3	54	1
11	0	54	1
12	2	54	1
13	0	54	1
14	1	54	1
15	0	54	1
16	1	54	1
17	1	54	1
18	0	54	1
19	2	54	1
20	1	54	1
21	1	54	1
22	4	54	1
23	0	54	1
24	3	54	1
25	2	54	1
26	0	54	1
27	0	54	1
28	3	54	1
29	11	54	1
30	1	54	1
31	5	54	1
32	3	54	1
33	8	54	1
34	3	54	1
35	8	54	1
36	5	54	1
37	4	54	1
38	3	54	1
39	0	54	1
40	5	54	1
41	2	54	1
42	0	54	1
43	1	54	1
44	0	54	1
45	0	54	1
46	1	54	1
1	0	55	1
2	0	55	1
3	0	55	1
4	0	55	1
5	0	55	1
6	0	55	1
7	0	55	1
8	0	55	1
9	0	55	1
10	1	55	1
11	0	55	1
12	0	55	1
13	0	55	1
14	0	55	1
15	0	55	1
16	0	55	1
17	0	55	1
18	0	55	1
19	1	55	1
20	2	55	1
21	1	55	1
22	4	55	1
23	2	55	1
24	3	55	1
25	2	55	1
26	1	55	1
27	0	55	1
28	2	55	1
29	9	55	1
30	4	55	1
31	7	55	1
32	0	55	1
33	4	55	1
34	10	55	1
35	3	55	1
36	3	55	1
37	6	55	1
38	6	55	1
39	1	55	1
40	0	55	1
41	2	55	1
42	0	55	1
43	3	55	1
44	2	55	1
45	0	55	1
46	3	55	1
47	0	55	1
48	0	55	1
49	0	55	1
50	0	55	1
51	0	55	1
52	0	55	1
53	2	55	1
1	0	56	1
2	0	56	1
3	0	56	1
4	0	56	1
5	0	56	1
6	0	56	1
7	0	56	1
8	0	56	1
9	0	56	1
10	1	56	1
11	0	56	1
12	0	56	1
13	0	56	1
14	1	56	1
15	0	56	1
16	2	56	1
17	0	56	1
18	0	56	1
19	1	56	1
20	1	56	1
21	1	56	1
22	1	56	1
23	3	56	1
24	2	56	1
25	2	56	1
26	0	56	1
27	2	56	1
28	1	56	1
29	7	56	1
30	1	56	1
31	11	56	1
32	2	56	1
33	7	56	1
34	10	56	1
35	8	56	1
36	7	56	1
37	3	56	1
38	0	56	1
39	1	56	1
40	3	56	1
41	1	56	1
42	0	56	1
43	0	56	1
44	1	56	1
45	0	56	1
46	2	56	1
47	0	56	1
48	0	56	1
49	0	56	1
50	0	56	1
51	0	56	1
52	0	56	1
53	2	56	1
1	0	57	1
2	0	57	1
3	0	57	1
4	0	57	1
5	0	57	1
6	0	57	1
7	0	57	1
8	0	57	1
9	0	57	1
10	1	57	1
11	0	57	1
12	2	57	1
13	0	57	1
14	1	57	1
15	0	57	1
16	0	57	1
17	3	57	1
18	0	57	1
19	2	57	1
20	2	57	1
21	1	57	1
22	2	57	1
23	0	57	1
24	0	57	1
25	1	57	1
26	1	57	1
27	0	57	1
28	3	57	1
29	9	57	1
30	1	57	1
31	9	57	1
32	6	57	1
33	6	57	1
34	5	57	1
35	8	57	1
36	3	57	1
37	3	57	1
38	2	57	1
39	2	57	1
40	7	57	1
41	2	57	1
42	0	57	1
43	0	57	1
44	0	57	1
45	0	57	1
46	1	57	1
47	0	57	1
48	0	57	1
49	0	57	1
50	0	57	1
51	0	57	1
52	0	57	1
53	1	57	1
1	0	58	1
2	0	58	1
3	0	58	1
4	0	58	1
5	0	58	1
6	0	58	1
7	0	58	1
8	0	58	1
9	0	58	1
10	0	58	1
11	0	58	1
12	0	58	1
13	0	58	1
14	0	58	1
15	0	58	1
16	2	58	1
17	0	58	1
18	0	58	1
19	0	58	1
20	2	58	1
21	2	58	1
22	3	58	1
23	0	58	1
24	3	58	1
25	0	58	1
26	1	58	1
27	0	58	1
28	4	58	1
29	11	58	1
30	1	58	1
31	7	58	1
32	1	58	1
33	5	58	1
34	13	58	1
35	9	58	1
36	4	58	1
37	4	58	1
38	3	58	1
39	1	58	1
40	6	58	1
41	0	58	1
42	0	58	1
43	0	58	1
44	1	58	1
45	0	58	1
46	1	58	1
1	0	59	1
2	0	59	1
3	0	59	1
4	0	59	1
5	0	59	1
6	0	59	1
7	0	59	1
8	0	59	1
9	0	59	1
10	2	59	1
11	0	59	1
12	0	59	1
13	0	59	1
14	1	59	1
15	0	59	1
16	0	59	1
17	0	59	1
18	0	59	1
19	1	59	1
20	3	59	1
21	2	59	1
22	5	59	1
23	1	59	1
24	2	59	1
25	2	59	1
26	0	59	1
27	1	59	1
28	3	59	1
29	10	59	1
30	4	59	1
31	7	59	1
32	3	59	1
33	9	59	1
34	5	59	1
35	7	59	1
36	3	59	1
37	2	59	1
38	4	59	1
39	2	59	1
40	1	59	1
41	1	59	1
42	0	59	1
43	3	59	1
1	0	60	1
2	0	60	1
3	0	60	1
4	0	60	1
5	0	60	1
6	0	60	1
7	0	60	1
8	0	60	1
9	0	60	1
10	0	60	1
11	0	60	1
12	0	60	1
13	0	60	1
14	1	60	1
15	0	60	1
16	1	60	1
17	0	60	1
18	0	60	1
19	2	60	1
20	0	60	1
21	4	60	1
22	2	60	1
23	0	60	1
24	2	60	1
25	1	60	1
26	1	60	1
27	1	60	1
28	6	60	1
29	5	60	1
30	1	60	1
31	9	60	1
32	3	60	1
33	8	60	1
34	6	60	1
35	4	60	1
36	6	60	1
37	2	60	1
38	6	60	1
39	4	60	1
40	4	60	1
41	1	60	1
42	0	60	1
43	0	60	1
44	0	60	1
45	0	60	1
46	3	60	1
47	0	60	1
48	0	60	1
49	0	60	1
50	0	60	1
51	0	60	1
52	0	60	1
53	1	60	1
1	0	61	1
2	0	61	1
3	0	61	1
4	0	61	1
5	0	61	1
6	0	61	1
7	0	61	1
8	0	61	1
9	0	61	1
10	0	61	1
11	0	61	1
12	1	61	1
13	0	61	1
14	4	61	1
15	0	61	1
16	1	61	1
17	2	61	1
18	0	61	1
19	1	61	1
20	1	61	1
21	0	61	1
22	1	61	1
23	1	61	1
24	2	61	1
25	0	61	1
26	1	61	1
27	3	61	1
28	1	61	1
29	9	61	1
30	0	61	1
31	13	61	1
32	4	61	1
33	7	61	1
34	8	61	1
35	5	61	1
36	7	61	1
37	4	61	1
38	1	61	1
39	0	61	1
40	2	61	1
41	2	61	1
42	0	61	1
43	0	61	1
44	1	61	1
45	0	61	1
46	0	61	1
47	0	61	1
48	0	61	1
49	0	61	1
50	0	61	1
51	0	61	1
52	0	61	1
53	2	61	1
1	0	62	1
2	0	62	1
3	0	62	1
4	0	62	1
5	0	62	1
6	0	62	1
7	0	62	1
8	0	62	1
9	0	62	1
10	0	62	1
11	0	62	1
12	0	62	1
13	0	62	1
14	0	62	1
15	0	62	1
16	1	62	1
17	0	62	1
18	0	62	1
19	0	62	1
20	0	62	1
21	2	62	1
22	1	62	1
23	0	62	1
24	1	62	1
25	1	62	1
26	0	62	1
27	0	62	1
28	5	62	1
29	11	62	1
30	0	62	1
31	8	62	1
32	3	62	1
33	1	62	1
34	6	62	1
35	12	62	1
36	6	62	1
37	4	62	1
38	1	62	1
39	5	62	1
40	5	62	1
41	4	62	1
42	0	62	1
43	3	62	1
44	1	62	1
45	0	62	1
46	0	62	1
47	0	62	1
48	0	62	1
49	0	62	1
50	0	62	1
51	0	62	1
52	0	62	1
53	3	62	1
1	0	63	1
2	0	63	1
3	0	63	1
4	0	63	1
5	0	63	1
6	0	63	1
7	0	63	1
8	0	63	1
9	0	63	1
10	2	63	1
11	0	63	1
12	0	63	1
13	0	63	1
14	1	63	1
15	0	63	1
16	1	63	1
17	2	63	1
18	0	63	1
19	2	63	1
20	2	63	1
21	2	63	1
22	5	63	1
23	0	63	1
24	2	63	1
25	1	63	1
26	0	63	1
27	1	63	1
28	1	63	1
29	9	63	1
30	5	63	1
31	11	63	1
32	1	63	1
33	6	63	1
34	2	63	1
35	11	63	1
36	4	63	1
37	2	63	1
38	2	63	1
39	0	63	1
40	1	63	1
41	1	63	1
42	0	63	1
43	0	63	1
44	1	63	1
45	0	63	1
46	4	63	1
47	0	63	1
48	0	63	1
49	0	63	1
50	0	63	1
51	0	63	1
52	0	63	1
53	2	63	1
1	0	64	1
2	0	64	1
3	0	64	1
4	0	64	1
5	0	64	1
6	0	64	1
7	0	64	1
8	0	64	1
9	0	64	1
10	2	64	1
11	0	64	1
12	1	64	1
13	0	64	1
14	0	64	1
15	0	64	1
16	0	64	1
17	0	64	1
18	0	64	1
19	0	64	1
20	0	64	1
21	2	64	1
22	2	64	1
23	4	64	1
24	7	64	1
25	1	64	1
26	1	64	1
27	2	64	1
28	4	64	1
29	6	64	1
30	2	64	1
31	7	64	1
32	3	64	1
33	6	64	1
34	2	64	1
35	12	64	1
36	2	64	1
37	1	64	1
38	0	64	1
39	4	64	1
40	4	64	1
41	3	64	1
42	0	64	1
43	4	64	1
44	1	64	1
45	0	64	1
46	0	64	1
47	0	64	1
48	0	64	1
49	0	64	1
50	0	64	1
51	0	64	1
52	0	64	1
53	1	64	1
1	0	65	1
2	0	65	1
3	0	65	1
4	0	65	1
5	0	65	1
6	0	65	1
7	0	65	1
8	0	65	1
9	0	65	1
10	0	65	1
11	0	65	1
12	1	65	1
13	0	65	1
14	1	65	1
15	0	65	1
16	1	65	1
17	1	65	1
18	0	65	1
19	0	65	1
20	3	65	1
21	0	65	1
22	2	65	1
23	1	65	1
24	3	65	1
25	0	65	1
26	1	65	1
27	2	65	1
28	3	65	1
29	3	65	1
30	2	65	1
31	4	65	1
32	5	65	1
33	9	65	1
34	7	65	1
35	15	65	1
36	7	65	1
37	4	65	1
38	2	65	1
39	3	65	1
40	1	65	1
41	1	65	1
42	0	65	1
43	0	65	1
44	1	65	1
45	0	65	1
46	1	65	1
1	0	66	1
2	0	66	1
3	0	66	1
4	0	66	1
5	0	66	1
6	0	66	1
7	0	66	1
8	0	66	1
9	0	66	1
10	1	66	1
11	0	66	1
12	0	66	1
13	0	66	1
14	1	66	1
15	0	66	1
16	1	66	1
17	2	66	1
18	0	66	1
19	1	66	1
20	0	66	1
21	0	66	1
22	4	66	1
23	0	66	1
24	6	66	1
25	1	66	1
26	0	66	1
27	1	66	1
28	6	66	1
29	7	66	1
30	3	66	1
31	11	66	1
32	2	66	1
33	4	66	1
34	8	66	1
35	5	66	1
36	5	66	1
37	4	66	1
38	2	66	1
39	2	66	1
40	0	66	1
41	1	66	1
42	0	66	1
43	1	66	1
44	3	66	1
45	0	66	1
46	2	66	1
1	0	67	1
2	0	67	1
3	0	67	1
4	0	67	1
5	0	67	1
6	0	67	1
7	0	67	1
8	0	67	1
9	0	67	1
10	0	67	1
11	0	67	1
12	2	67	1
13	0	67	1
14	1	67	1
15	0	67	1
16	0	67	1
17	1	67	1
18	0	67	1
19	0	67	1
20	0	67	1
21	2	67	1
22	4	67	1
23	2	67	1
24	6	67	1
25	1	67	1
26	1	67	1
27	2	67	1
28	1	67	1
29	6	67	1
30	0	67	1
31	6	67	1
32	4	67	1
33	5	67	1
34	5	67	1
35	7	67	1
36	9	67	1
37	2	67	1
38	5	67	1
39	0	67	1
40	7	67	1
41	2	67	1
42	0	67	1
43	1	67	1
44	1	67	1
45	0	67	1
46	1	67	1
1	0	68	1
2	0	68	1
3	0	68	1
4	0	68	1
5	0	68	1
6	0	68	1
7	0	68	1
8	0	68	1
9	0	68	1
10	0	68	1
11	0	68	1
12	0	68	1
13	0	68	1
14	0	68	1
15	0	68	1
16	1	68	1
17	0	68	1
18	0	68	1
19	4	68	1
20	1	68	1
21	2	68	1
22	1	68	1
23	0	68	1
24	6	68	1
25	0	68	1
26	2	68	1
27	0	68	1
28	4	68	1
29	7	68	1
30	0	68	1
31	10	68	1
32	4	68	1
33	9	68	1
34	6	68	1
35	9	68	1
36	4	68	1
37	4	68	1
38	1	68	1
39	0	68	1
40	6	68	1
41	3	68	1
1	0	69	1
2	0	69	1
3	0	69	1
4	0	69	1
5	0	69	1
6	0	69	1
7	0	69	1
8	0	69	1
9	0	69	1
10	0	69	1
11	0	69	1
12	1	69	1
13	0	69	1
14	0	69	1
15	0	69	1
16	2	69	1
17	0	69	1
18	0	69	1
19	0	69	1
20	0	69	1
21	1	69	1
22	2	69	1
23	2	69	1
24	2	69	1
25	1	69	1
26	0	69	1
27	0	69	1
28	2	69	1
29	14	69	1
30	2	69	1
31	6	69	1
32	2	69	1
33	13	69	1
34	2	69	1
35	8	69	1
36	9	69	1
37	5	69	1
38	0	69	1
39	2	69	1
40	3	69	1
41	0	69	1
42	0	69	1
43	4	69	1
44	1	69	1
1	0	70	1
2	0	70	1
3	0	70	1
4	0	70	1
5	0	70	1
6	0	70	1
7	0	70	1
8	0	70	1
9	0	70	1
10	1	70	1
11	0	70	1
12	1	70	1
13	0	70	1
14	1	70	1
15	0	70	1
16	0	70	1
17	0	70	1
18	0	70	1
19	2	70	1
20	0	70	1
21	3	70	1
22	3	70	1
23	2	70	1
24	2	70	1
25	1	70	1
26	0	70	1
27	0	70	1
28	5	70	1
29	10	70	1
30	1	70	1
31	6	70	1
32	4	70	1
33	3	70	1
34	5	70	1
35	5	70	1
36	11	70	1
37	6	70	1
38	3	70	1
39	3	70	1
40	3	70	1
41	2	70	1
42	0	70	1
43	0	70	1
44	0	70	1
45	0	70	1
46	1	70	1
1	0	71	1
2	0	71	1
3	0	71	1
4	0	71	1
5	0	71	1
6	0	71	1
7	0	71	1
8	0	71	1
9	0	71	1
10	0	71	1
11	0	71	1
12	2	71	1
13	0	71	1
14	0	71	1
15	0	71	1
16	0	71	1
17	1	71	1
18	0	71	1
19	1	71	1
20	0	71	1
21	1	71	1
22	2	71	1
23	0	71	1
24	1	71	1
25	1	71	1
26	0	71	1
27	0	71	1
28	2	71	1
29	6	71	1
30	1	71	1
31	10	71	1
32	6	71	1
33	9	71	1
34	9	71	1
35	5	71	1
36	10	71	1
37	8	71	1
38	1	71	1
39	2	71	1
40	2	71	1
41	2	71	1
42	0	71	1
43	0	71	1
44	1	71	1
45	0	71	1
46	0	71	1
47	0	71	1
48	0	71	1
49	0	71	1
50	0	71	1
51	0	71	1
52	0	71	1
53	1	71	1
1	0	72	1
2	0	72	1
3	0	72	1
4	0	72	1
5	0	72	1
6	0	72	1
7	0	72	1
8	0	72	1
9	0	72	1
10	2	72	1
11	0	72	1
12	1	72	1
13	0	72	1
14	2	72	1
15	0	72	1
16	0	72	1
17	2	72	1
18	0	72	1
19	0	72	1
20	0	72	1
21	1	72	1
22	2	72	1
23	2	72	1
24	2	72	1
25	1	72	1
26	0	72	1
27	0	72	1
28	4	72	1
29	15	72	1
30	1	72	1
31	4	72	1
32	4	72	1
33	5	72	1
34	4	72	1
35	6	72	1
36	8	72	1
37	3	72	1
38	3	72	1
39	1	72	1
40	1	72	1
41	4	72	1
42	0	72	1
43	2	72	1
44	1	72	1
45	0	72	1
46	2	72	1
47	0	72	1
48	0	72	1
49	0	72	1
50	0	72	1
51	0	72	1
52	0	72	1
53	1	72	1
1	0	73	1
2	0	73	1
3	0	73	1
4	0	73	1
5	0	73	1
6	0	73	1
7	0	73	1
8	0	73	1
9	0	73	1
10	0	73	1
11	0	73	1
12	2	73	1
13	0	73	1
14	2	73	1
15	0	73	1
16	1	73	1
17	2	73	1
18	0	73	1
19	0	73	1
20	1	73	1
21	4	73	1
22	2	73	1
23	0	73	1
24	4	73	1
25	2	73	1
26	1	73	1
27	2	73	1
28	2	73	1
29	7	73	1
30	1	73	1
31	5	73	1
32	2	73	1
33	6	73	1
34	6	73	1
35	12	73	1
36	6	73	1
37	3	73	1
38	1	73	1
39	1	73	1
40	4	73	1
41	1	73	1
42	0	73	1
43	0	73	1
44	0	73	1
45	0	73	1
46	1	73	1
47	0	73	1
48	0	73	1
49	0	73	1
50	0	73	1
51	0	73	1
52	0	73	1
53	3	73	1
1	0	74	1
2	0	74	1
3	0	74	1
4	0	74	1
5	0	74	1
6	0	74	1
7	0	74	1
8	0	74	1
9	0	74	1
10	2	74	1
11	0	74	1
12	2	74	1
13	0	74	1
14	3	74	1
15	0	74	1
16	0	74	1
17	0	74	1
18	0	74	1
19	1	74	1
20	1	74	1
21	1	74	1
22	2	74	1
23	0	74	1
24	2	74	1
25	1	74	1
26	0	74	1
27	1	74	1
28	4	74	1
29	13	74	1
30	1	74	1
31	11	74	1
32	3	74	1
33	6	74	1
34	8	74	1
35	5	74	1
36	7	74	1
37	5	74	1
38	1	74	1
39	1	74	1
40	2	74	1
41	0	74	1
42	0	74	1
43	0	74	1
44	1	74	1
1	0	75	1
2	0	75	1
3	0	75	1
4	0	75	1
5	0	75	1
6	0	75	1
7	0	75	1
8	0	75	1
9	0	75	1
10	0	75	1
11	0	75	1
12	0	75	1
13	0	75	1
14	1	75	1
15	0	75	1
16	0	75	1
17	3	75	1
18	0	75	1
19	0	75	1
20	1	75	1
21	1	75	1
22	0	75	1
23	1	75	1
24	0	75	1
25	1	75	1
26	0	75	1
27	2	75	1
28	8	75	1
29	11	75	1
30	4	75	1
31	4	75	1
32	4	75	1
33	7	75	1
34	7	75	1
35	11	75	1
36	3	75	1
37	3	75	1
38	6	75	1
39	1	75	1
40	1	75	1
41	0	75	1
42	0	75	1
43	2	75	1
44	1	75	1
45	0	75	1
46	0	75	1
47	0	75	1
48	0	75	1
49	0	75	1
50	0	75	1
51	0	75	1
52	0	75	1
53	1	75	1
1	0	76	1
2	0	76	1
3	0	76	1
4	0	76	1
5	0	76	1
6	0	76	1
7	0	76	1
8	0	76	1
9	0	76	1
10	0	76	1
11	0	76	1
12	0	76	1
13	0	76	1
14	0	76	1
15	0	76	1
16	1	76	1
17	0	76	1
18	0	76	1
19	1	76	1
20	0	76	1
21	4	76	1
22	2	76	1
23	1	76	1
24	4	76	1
25	1	76	1
26	1	76	1
27	0	76	1
28	1	76	1
29	8	76	1
30	0	76	1
31	7	76	1
32	5	76	1
33	10	76	1
34	2	76	1
35	5	76	1
36	8	76	1
37	7	76	1
38	6	76	1
39	2	76	1
40	4	76	1
41	1	76	1
42	0	76	1
43	1	76	1
44	0	76	1
45	0	76	1
46	1	76	1
47	0	76	1
48	0	76	1
49	0	76	1
50	0	76	1
51	0	76	1
52	0	76	1
53	1	76	1
1	0	77	1
2	0	77	1
3	0	77	1
4	0	77	1
5	0	77	1
6	0	77	1
7	0	77	1
8	0	77	1
9	0	77	1
10	1	77	1
11	0	77	1
12	2	77	1
13	0	77	1
14	0	77	1
15	0	77	1
16	2	77	1
17	1	77	1
18	0	77	1
19	0	77	1
20	0	77	1
21	1	77	1
22	2	77	1
23	0	77	1
24	4	77	1
25	1	77	1
26	3	77	1
27	0	77	1
28	3	77	1
29	2	77	1
30	3	77	1
31	8	77	1
32	4	77	1
33	9	77	1
34	3	77	1
35	3	77	1
36	3	77	1
37	5	77	1
38	2	77	1
39	7	77	1
40	2	77	1
41	1	77	1
42	0	77	1
43	2	77	1
44	3	77	1
45	0	77	1
46	1	77	1
47	0	77	1
48	0	77	1
49	0	77	1
50	0	77	1
51	0	77	1
52	0	77	1
53	6	77	1
1	0	78	1
2	0	78	1
3	0	78	1
4	0	78	1
5	0	78	1
6	0	78	1
7	0	78	1
8	0	78	1
9	0	78	1
10	2	78	1
11	0	78	1
12	3	78	1
13	0	78	1
14	0	78	1
15	0	78	1
16	0	78	1
17	1	78	1
18	0	78	1
19	1	78	1
20	1	78	1
21	0	78	1
22	3	78	1
23	0	78	1
24	3	78	1
25	0	78	1
26	0	78	1
27	0	78	1
28	2	78	1
29	8	78	1
30	2	78	1
31	5	78	1
32	3	78	1
33	8	78	1
34	5	78	1
35	13	78	1
36	7	78	1
37	3	78	1
38	2	78	1
39	1	78	1
40	5	78	1
41	3	78	1
42	0	78	1
43	1	78	1
44	1	78	1
45	0	78	1
46	1	78	1
1	0	79	1
2	0	79	1
3	0	79	1
4	0	79	1
5	0	79	1
6	0	79	1
7	0	79	1
8	0	79	1
9	0	79	1
10	0	79	1
11	0	79	1
12	1	79	1
13	0	79	1
14	3	79	1
15	0	79	1
16	1	79	1
17	0	79	1
18	0	79	1
19	3	79	1
20	0	79	1
21	0	79	1
22	3	79	1
23	3	79	1
24	3	79	1
25	0	79	1
26	1	79	1
27	1	79	1
28	3	79	1
29	7	79	1
30	1	79	1
31	8	79	1
32	6	79	1
33	7	79	1
34	5	79	1
35	14	79	1
36	1	79	1
37	3	79	1
38	2	79	1
39	1	79	1
40	1	79	1
41	3	79	1
42	0	79	1
43	1	79	1
44	0	79	1
45	0	79	1
46	1	79	1
47	0	79	1
48	0	79	1
49	0	79	1
50	0	79	1
51	0	79	1
52	0	79	1
53	1	79	1
1	0	80	1
2	0	80	1
3	0	80	1
4	0	80	1
5	0	80	1
6	0	80	1
7	0	80	1
8	0	80	1
9	0	80	1
10	0	80	1
11	0	80	1
12	0	80	1
13	0	80	1
14	1	80	1
15	0	80	1
16	3	80	1
17	1	80	1
18	0	80	1
19	2	80	1
20	1	80	1
21	1	80	1
22	4	80	1
23	0	80	1
24	3	80	1
25	0	80	1
26	2	80	1
27	0	80	1
28	1	80	1
29	8	80	1
30	3	80	1
31	4	80	1
32	4	80	1
33	7	80	1
34	5	80	1
35	9	80	1
36	4	80	1
37	4	80	1
38	4	80	1
39	1	80	1
40	6	80	1
41	3	80	1
42	0	80	1
43	1	80	1
44	0	80	1
45	0	80	1
46	2	80	1
1	0	81	1
2	0	81	1
3	0	81	1
4	0	81	1
5	0	81	1
6	0	81	1
7	0	81	1
8	0	81	1
9	0	81	1
10	1	81	1
11	0	81	1
12	1	81	1
13	0	81	1
14	1	81	1
15	0	81	1
16	1	81	1
17	1	81	1
18	0	81	1
19	1	81	1
20	1	81	1
21	2	81	1
22	3	81	1
23	1	81	1
24	2	81	1
25	0	81	1
26	1	81	1
27	2	81	1
28	1	81	1
29	10	81	1
30	3	81	1
31	6	81	1
32	6	81	1
33	8	81	1
34	4	81	1
35	8	81	1
36	4	81	1
37	1	81	1
38	1	81	1
39	0	81	1
40	3	81	1
41	1	81	1
42	0	81	1
43	3	81	1
44	2	81	1
45	0	81	1
46	2	81	1
47	0	81	1
48	0	81	1
49	0	81	1
50	0	81	1
51	0	81	1
52	0	81	1
53	3	81	1
1	0	82	1
2	0	82	1
3	0	82	1
4	0	82	1
5	0	82	1
6	0	82	1
7	0	82	1
8	0	82	1
9	0	82	1
10	1	82	1
11	0	82	1
12	0	82	1
13	0	82	1
14	1	82	1
15	0	82	1
16	3	82	1
17	3	82	1
18	0	82	1
19	0	82	1
20	2	82	1
21	5	82	1
22	2	82	1
23	0	82	1
24	4	82	1
25	0	82	1
26	2	82	1
27	0	82	1
28	0	82	1
29	10	82	1
30	1	82	1
31	6	82	1
32	1	82	1
33	5	82	1
34	3	82	1
35	10	82	1
36	7	82	1
37	2	82	1
38	3	82	1
39	0	82	1
40	4	82	1
41	3	82	1
42	0	82	1
43	2	82	1
44	1	82	1
45	0	82	1
46	0	82	1
47	0	82	1
48	0	82	1
49	0	82	1
50	0	82	1
51	0	82	1
52	0	82	1
53	3	82	1
1	0	83	1
2	0	83	1
3	0	83	1
4	0	83	1
5	0	83	1
6	0	83	1
7	0	83	1
8	0	83	1
9	0	83	1
10	2	83	1
11	0	83	1
12	0	83	1
13	0	83	1
14	2	83	1
15	0	83	1
16	0	83	1
17	0	83	1
18	0	83	1
19	2	83	1
20	1	83	1
21	2	83	1
22	2	83	1
23	0	83	1
24	3	83	1
25	0	83	1
26	2	83	1
27	1	83	1
28	3	83	1
29	5	83	1
30	2	83	1
31	7	83	1
32	2	83	1
33	5	83	1
34	7	83	1
35	6	83	1
36	10	83	1
37	4	83	1
38	3	83	1
39	1	83	1
40	6	83	1
41	3	83	1
42	0	83	1
43	2	83	1
44	0	83	1
45	0	83	1
46	1	83	1
1	0	84	1
2	0	84	1
3	0	84	1
4	0	84	1
5	0	84	1
6	0	84	1
7	0	84	1
8	0	84	1
9	0	84	1
10	1	84	1
11	0	84	1
12	1	84	1
13	0	84	1
14	0	84	1
15	0	84	1
16	1	84	1
17	1	84	1
18	0	84	1
19	2	84	1
20	2	84	1
21	2	84	1
22	2	84	1
23	0	84	1
24	3	84	1
25	0	84	1
26	1	84	1
27	3	84	1
28	5	84	1
29	7	84	1
30	0	84	1
31	6	84	1
32	4	84	1
33	9	84	1
34	7	84	1
35	10	84	1
36	4	84	1
37	4	84	1
38	2	84	1
39	2	84	1
40	1	84	1
41	2	84	1
42	0	84	1
43	0	84	1
44	2	84	1
1	0	85	1
2	0	85	1
3	0	85	1
4	0	85	1
5	0	85	1
6	0	85	1
7	0	85	1
8	0	85	1
9	0	85	1
10	0	85	1
11	0	85	1
12	0	85	1
13	0	85	1
14	1	85	1
15	0	85	1
16	2	85	1
17	3	85	1
18	0	85	1
19	0	85	1
20	0	85	1
21	1	85	1
22	4	85	1
23	1	85	1
24	1	85	1
25	0	85	1
26	0	85	1
27	0	85	1
28	9	85	1
29	10	85	1
30	0	85	1
31	8	85	1
32	4	85	1
33	5	85	1
34	8	85	1
35	10	85	1
36	3	85	1
37	3	85	1
38	3	85	1
39	2	85	1
40	0	85	1
41	0	85	1
42	0	85	1
43	1	85	1
44	1	85	1
45	0	85	1
46	3	85	1
47	0	85	1
48	0	85	1
49	0	85	1
50	0	85	1
51	0	85	1
52	0	85	1
53	1	85	1
-1
