1	1	1	1
2	0	1	1
3	0	1	1
4	0	1	1
5	0	1	1
6	1	1	1
7	0	1	1
8	0	1	1
9	1	1	1
10	0	1	1
11	1	1	1
12	1	1	1
13	0	1	1
14	1	1	1
15	0	1	1
16	0	1	1
17	0	1	1
18	2	1	1
19	4	1	1
20	7	1	1
21	2	1	1
22	3	1	1
23	1	1	1
24	6	1	1
25	4	1	1
26	1	1	1
27	0	1	1
28	3	1	1
29	3	1	1
30	1	1	1
31	3	1	1
32	3	1	1
33	2	1	1
34	2	1	1
35	0	1	1
36	0	1	1
37	2	1	1
38	1	1	1
39	7	1	1
40	2	1	1
41	4	1	1
1	1	2	1
2	0	2	1
3	0	2	1
4	0	2	1
5	0	2	1
6	2	2	1
7	0	2	1
8	0	2	1
9	2	2	1
10	0	2	1
11	3	2	1
12	1	2	1
13	0	2	1
14	0	2	1
15	0	2	1
16	0	2	1
17	0	2	1
18	2	2	1
19	6	2	1
20	4	2	1
21	1	2	1
22	2	2	1
23	1	2	1
24	4	2	1
25	5	2	1
26	2	2	1
27	0	2	1
28	3	2	1
29	4	2	1
30	6	2	1
31	1	2	1
32	1	2	1
33	4	2	1
34	5	2	1
35	0	2	1
36	0	2	1
37	1	2	1
38	0	2	1
39	1	2	1
40	6	2	1
41	1	2	1
1	1	3	1
2	0	3	1
3	0	3	1
4	0	3	1
5	0	3	1
6	0	3	1
7	0	3	1
8	0	3	1
9	1	3	1
10	0	3	1
11	1	3	1
12	1	3	1
13	0	3	1
14	0	3	1
15	0	3	1
16	0	3	1
17	0	3	1
18	6	3	1
19	2	3	1
20	4	3	1
21	3	3	1
22	4	3	1
23	2	3	1
24	2	3	1
25	1	3	1
26	0	3	1
27	0	3	1
28	2	3	1
29	5	3	1
30	5	3	1
31	3	3	1
32	3	3	1
33	8	3	1
34	3	3	1
35	2	3	1
36	0	3	1
37	0	3	1
38	1	3	1
39	3	3	1
40	1	3	1
41	4	3	1
42	1	3	1
1	3	4	1
2	0	4	1
3	0	4	1
4	0	4	1
5	0	4	1
6	1	4	1
7	0	4	1
8	0	4	1
9	1	4	1
10	0	4	1
11	1	4	1
12	1	4	1
13	0	4	1
14	1	4	1
15	0	4	1
16	0	4	1
17	0	4	1
18	3	4	1
19	2	4	1
20	3	4	1
21	4	4	1
22	3	4	1
23	1	4	1
24	3	4	1
25	3	4	1
26	5	4	1
27	0	4	1
28	4	4	1
29	5	4	1
30	1	4	1
31	2	4	1
32	6	4	1
33	9	4	1
34	1	4	1
35	0	4	1
36	0	4	1
37	0	4	1
38	0	4	1
39	2	4	1
40	2	4	1
41	2	4	1
1	4	5	1
2	0	5	1
3	0	5	1
4	0	5	1
5	0	5	1
6	0	5	1
7	0	5	1
8	0	5	1
9	3	5	1
10	0	5	1
11	0	5	1
12	1	5	1
13	0	5	1
14	2	5	1
15	0	5	1
16	0	5	1
17	0	5	1
18	1	5	1
19	1	5	1
20	7	5	1
21	3	5	1
22	3	5	1
23	0	5	1
24	9	5	1
25	2	5	1
26	3	5	1
27	0	5	1
28	2	5	1
29	2	5	1
30	7	5	1
31	2	5	1
32	2	5	1
33	6	5	1
34	2	5	1
35	1	5	1
36	0	5	1
37	0	5	1
38	1	5	1
39	2	5	1
40	2	5	1
41	1	5	1
1	2	6	1
2	0	6	1
3	0	6	1
4	0	6	1
5	0	6	1
6	0	6	1
7	0	6	1
8	0	6	1
9	0	6	1
10	0	6	1
11	1	6	1
12	0	6	1
13	0	6	1
14	1	6	1
15	0	6	1
16	0	6	1
17	0	6	1
18	3	6	1
19	5	6	1
20	7	6	1
21	5	6	1
22	1	6	1
23	2	6	1
24	7	6	1
25	4	6	1
26	1	6	1
27	0	6	1
28	2	6	1
29	2	6	1
30	1	6	1
31	4	6	1
32	4	6	1
33	4	6	1
34	0	6	1
35	0	6	1
36	0	6	1
37	1	6	1
38	3	6	1
39	5	6	1
40	2	6	1
41	2	6	1
1	1	7	1
2	0	7	1
3	0	7	1
4	0	7	1
5	0	7	1
6	0	7	1
7	0	7	1
8	0	7	1
9	1	7	1
10	0	7	1
11	1	7	1
12	1	7	1
13	0	7	1
14	1	7	1
15	0	7	1
16	0	7	1
17	0	7	1
18	0	7	1
19	2	7	1
20	6	7	1
21	4	7	1
22	2	7	1
23	0	7	1
24	3	7	1
25	7	7	1
26	0	7	1
27	0	7	1
28	5	7	1
29	3	7	1
30	5	7	1
31	4	7	1
32	3	7	1
33	5	7	1
34	4	7	1
35	0	7	1
36	0	7	1
37	1	7	1
38	0	7	1
39	2	7	1
40	2	7	1
41	3	7	1
42	3	7	1
1	3	8	1
2	0	8	1
3	0	8	1
4	0	8	1
5	0	8	1
6	0	8	1
7	0	8	1
8	0	8	1
9	1	8	1
10	0	8	1
11	0	8	1
12	2	8	1
13	0	8	1
14	1	8	1
15	0	8	1
16	0	8	1
17	0	8	1
18	3	8	1
19	1	8	1
20	9	8	1
21	2	8	1
22	0	8	1
23	0	8	1
24	2	8	1
25	3	8	1
26	2	8	1
27	0	8	1
28	3	8	1
29	5	8	1
30	2	8	1
31	1	8	1
32	3	8	1
33	8	8	1
34	6	8	1
35	1	8	1
36	0	8	1
37	0	8	1
38	1	8	1
39	3	8	1
40	4	8	1
41	2	8	1
42	1	8	1
1	1	9	1
2	0	9	1
3	0	9	1
4	0	9	1
5	0	9	1
6	1	9	1
7	0	9	1
8	0	9	1
9	2	9	1
10	0	9	1
11	0	9	1
12	0	9	1
13	0	9	1
14	1	9	1
15	0	9	1
16	0	9	1
17	0	9	1
18	5	9	1
19	4	9	1
20	6	9	1
21	4	9	1
22	1	9	1
23	0	9	1
24	4	9	1
25	7	9	1
26	1	9	1
27	0	9	1
28	2	9	1
29	4	9	1
30	3	9	1
31	1	9	1
32	3	9	1
33	5	9	1
34	0	9	1
35	1	9	1
36	0	9	1
37	0	9	1
38	0	9	1
39	5	9	1
40	6	9	1
41	1	9	1
42	1	9	1
1	3	10	1
2	0	10	1
3	0	10	1
4	0	10	1
5	0	10	1
6	1	10	1
7	0	10	1
8	0	10	1
9	0	10	1
10	0	10	1
11	2	10	1
12	0	10	1
13	0	10	1
14	1	10	1
15	0	10	1
16	0	10	1
17	0	10	1
18	3	10	1
19	1	10	1
20	5	10	1
21	2	10	1
22	2	10	1
23	1	10	1
24	1	10	1
25	5	10	1
26	2	10	1
27	0	10	1
28	3	10	1
29	3	10	1
30	3	10	1
31	2	10	1
32	4	10	1
33	12	10	1
34	0	10	1
35	1	10	1
36	0	10	1
37	0	10	1
38	0	10	1
39	3	10	1
40	3	10	1
41	3	10	1
42	3	10	1
1	3	11	1
2	0	11	1
3	0	11	1
4	0	11	1
5	0	11	1
6	1	11	1
7	0	11	1
8	0	11	1
9	0	11	1
10	0	11	1
11	0	11	1
12	0	11	1
13	0	11	1
14	3	11	1
15	0	11	1
16	0	11	1
17	0	11	1
18	0	11	1
19	2	11	1
20	6	11	1
21	2	11	1
22	3	11	1
23	0	11	1
24	2	11	1
25	9	11	1
26	0	11	1
27	0	11	1
28	4	11	1
29	6	11	1
30	4	11	1
31	0	11	1
32	2	11	1
33	10	11	1
34	2	11	1
35	0	11	1
36	0	11	1
37	1	11	1
38	2	11	1
39	1	11	1
40	3	11	1
41	3	11	1
1	4	12	1
2	0	12	1
3	0	12	1
4	0	12	1
5	0	12	1
6	2	12	1
7	0	12	1
8	0	12	1
9	3	12	1
10	0	12	1
11	2	12	1
12	1	12	1
13	0	12	1
14	3	12	1
15	0	12	1
16	0	12	1
17	0	12	1
18	1	12	1
19	5	12	1
20	5	12	1
21	2	12	1
22	1	12	1
23	2	12	1
24	3	12	1
25	7	12	1
26	0	12	1
27	0	12	1
28	2	12	1
29	3	12	1
30	2	12	1
31	1	12	1
32	0	12	1
33	7	12	1
34	0	12	1
35	0	12	1
36	0	12	1
37	1	12	1
38	3	12	1
39	3	12	1
40	1	12	1
41	3	12	1
42	2	12	1
1	1	13	1
2	0	13	1
3	0	13	1
4	0	13	1
5	0	13	1
6	4	13	1
7	0	13	1
8	0	13	1
9	0	13	1
10	0	13	1
11	3	13	1
12	2	13	1
13	0	13	1
14	0	13	1
15	0	13	1
16	0	13	1
17	0	13	1
18	2	13	1
19	1	13	1
20	7	13	1
21	3	13	1
22	2	13	1
23	1	13	1
24	4	13	1
25	5	13	1
26	1	13	1
27	0	13	1
28	3	13	1
29	3	13	1
30	2	13	1
31	2	13	1
32	5	13	1
33	8	13	1
34	2	13	1
35	2	13	1
36	0	13	1
37	1	13	1
38	1	13	1
39	0	13	1
40	1	13	1
41	2	13	1
42	1	13	1
1	5	14	1
2	0	14	1
3	0	14	1
4	0	14	1
5	0	14	1
6	1	14	1
7	0	14	1
8	0	14	1
9	1	14	1
10	0	14	1
11	1	14	1
12	0	14	1
13	0	14	1
14	1	14	1
15	0	14	1
16	0	14	1
17	0	14	1
18	2	14	1
19	3	14	1
20	8	14	1
21	1	14	1
22	2	14	1
23	0	14	1
24	4	14	1
25	3	14	1
26	3	14	1
27	0	14	1
28	0	14	1
29	5	14	1
30	4	14	1
31	1	14	1
32	2	14	1
33	4	14	1
34	5	14	1
35	2	14	1
36	0	14	1
37	1	14	1
38	0	14	1
39	3	14	1
40	3	14	1
41	2	14	1
42	2	14	1
1	4	15	1
2	0	15	1
3	0	15	1
4	0	15	1
5	0	15	1
6	1	15	1
7	0	15	1
8	0	15	1
9	0	15	1
10	0	15	1
11	0	15	1
12	1	15	1
13	0	15	1
14	0	15	1
15	0	15	1
16	0	15	1
17	0	15	1
18	1	15	1
19	4	15	1
20	5	15	1
21	4	15	1
22	2	15	1
23	0	15	1
24	5	15	1
25	3	15	1
26	3	15	1
27	0	15	1
28	4	15	1
29	4	15	1
30	5	15	1
31	2	15	1
32	1	15	1
33	5	15	1
34	3	15	1
35	0	15	1
36	0	15	1
37	2	15	1
38	0	15	1
39	3	15	1
40	3	15	1
41	3	15	1
42	1	15	1
1	1	16	1
2	0	16	1
3	0	16	1
4	0	16	1
5	0	16	1
6	0	16	1
7	0	16	1
8	0	16	1
9	2	16	1
10	0	16	1
11	0	16	1
12	2	16	1
13	0	16	1
14	1	16	1
15	0	16	1
16	0	16	1
17	0	16	1
18	2	16	1
19	3	16	1
20	3	16	1
21	3	16	1
22	3	16	1
23	1	16	1
24	5	16	1
25	5	16	1
26	3	16	1
27	0	16	1
28	3	16	1
29	6	16	1
30	3	16	1
31	1	16	1
32	2	16	1
33	6	16	1
34	2	16	1
35	2	16	1
36	0	16	1
37	2	16	1
38	2	16	1
39	1	16	1
40	2	16	1
41	2	16	1
42	1	16	1
1	3	17	1
2	0	17	1
3	0	17	1
4	0	17	1
5	0	17	1
6	1	17	1
7	0	17	1
8	0	17	1
9	0	17	1
10	0	17	1
11	1	17	1
12	3	17	1
13	0	17	1
14	1	17	1
15	0	17	1
16	0	17	1
17	0	17	1
18	1	17	1
19	4	17	1
20	6	17	1
21	3	17	1
22	1	17	1
23	0	17	1
24	5	17	1
25	1	17	1
26	1	17	1
27	0	17	1
28	5	17	1
29	4	17	1
30	5	17	1
31	1	17	1
32	3	17	1
33	8	17	1
34	2	17	1
35	1	17	1
36	0	17	1
37	1	17	1
38	0	17	1
39	3	17	1
40	2	17	1
41	1	17	1
42	2	17	1
1	1	18	1
2	0	18	1
3	0	18	1
4	0	18	1
5	0	18	1
6	0	18	1
7	0	18	1
8	0	18	1
9	1	18	1
10	0	18	1
11	1	18	1
12	4	18	1
13	0	18	1
14	0	18	1
15	0	18	1
16	0	18	1
17	0	18	1
18	1	18	1
19	6	18	1
20	7	18	1
21	4	18	1
22	2	18	1
23	1	18	1
24	2	18	1
25	6	18	1
26	0	18	1
27	0	18	1
28	3	18	1
29	4	18	1
30	2	18	1
31	6	18	1
32	2	18	1
33	4	18	1
34	0	18	1
35	0	18	1
36	0	18	1
37	1	18	1
38	1	18	1
39	3	18	1
40	2	18	1
41	4	18	1
42	1	18	1
1	1	19	1
2	0	19	1
3	0	19	1
4	0	19	1
5	0	19	1
6	0	19	1
7	0	19	1
8	0	19	1
9	1	19	1
10	0	19	1
11	1	19	1
12	1	19	1
13	0	19	1
14	0	19	1
15	0	19	1
16	0	19	1
17	0	19	1
18	1	19	1
19	4	19	1
20	6	19	1
21	0	19	1
22	3	19	1
23	1	19	1
24	2	19	1
25	4	19	1
26	1	19	1
27	0	19	1
28	2	19	1
29	8	19	1
30	7	19	1
31	3	19	1
32	2	19	1
33	9	19	1
34	4	19	1
35	2	19	1
36	0	19	1
37	0	19	1
38	0	19	1
39	4	19	1
40	1	19	1
41	0	19	1
42	1	19	1
1	2	20	1
2	0	20	1
3	0	20	1
4	0	20	1
5	0	20	1
6	2	20	1
7	0	20	1
8	0	20	1
9	1	20	1
10	0	20	1
11	1	20	1
12	1	20	1
13	0	20	1
14	1	20	1
15	0	20	1
16	0	20	1
17	0	20	1
18	1	20	1
19	2	20	1
20	7	20	1
21	5	20	1
22	2	20	1
23	0	20	1
24	5	20	1
25	6	20	1
26	3	20	1
27	0	20	1
28	3	20	1
29	2	20	1
30	3	20	1
31	1	20	1
32	3	20	1
33	8	20	1
34	2	20	1
35	1	20	1
36	0	20	1
37	1	20	1
38	1	20	1
39	4	20	1
40	0	20	1
41	1	20	1
1	2	21	1
2	0	21	1
3	0	21	1
4	0	21	1
5	0	21	1
6	1	21	1
7	0	21	1
8	0	21	1
9	0	21	1
10	0	21	1
11	0	21	1
12	1	21	1
13	0	21	1
14	0	21	1
15	0	21	1
16	0	21	1
17	0	21	1
18	2	21	1
19	4	21	1
20	5	21	1
21	3	21	1
22	2	21	1
23	0	21	1
24	7	21	1
25	6	21	1
26	4	21	1
27	0	21	1
28	1	21	1
29	3	21	1
30	4	21	1
31	2	21	1
32	1	21	1
33	8	21	1
34	1	21	1
35	1	21	1
36	0	21	1
37	0	21	1
38	1	21	1
39	5	21	1
40	0	21	1
41	5	21	1
1	1	22	1
2	0	22	1
3	0	22	1
4	0	22	1
5	0	22	1
6	0	22	1
7	0	22	1
8	0	22	1
9	0	22	1
10	0	22	1
11	2	22	1
12	0	22	1
13	0	22	1
14	2	22	1
15	0	22	1
16	0	22	1
17	0	22	1
18	0	22	1
19	4	22	1
20	4	22	1
21	2	22	1
22	0	22	1
23	0	22	1
24	4	22	1
25	1	22	1
26	4	22	1
27	0	22	1
28	4	22	1
29	5	22	1
30	3	22	1
31	3	22	1
32	5	22	1
33	8	22	1
34	2	22	1
35	1	22	1
36	0	22	1
37	4	22	1
38	1	22	1
39	4	22	1
40	3	22	1
41	2	22	1
1	2	23	1
2	0	23	1
3	0	23	1
4	0	23	1
5	0	23	1
6	2	23	1
7	0	23	1
8	0	23	1
9	1	23	1
10	0	23	1
11	0	23	1
12	2	23	1
13	0	23	1
14	0	23	1
15	0	23	1
16	0	23	1
17	0	23	1
18	1	23	1
19	2	23	1
20	5	23	1
21	3	23	1
22	3	23	1
23	1	23	1
24	4	23	1
25	3	23	1
26	0	23	1
27	0	23	1
28	2	23	1
29	6	23	1
30	6	23	1
31	1	23	1
32	4	23	1
33	7	23	1
34	3	23	1
35	1	23	1
36	0	23	1
37	0	23	1
38	1	23	1
39	4	23	1
40	3	23	1
41	2	23	1
1	1	24	1
2	0	24	1
3	0	24	1
4	0	24	1
5	0	24	1
6	0	24	1
7	0	24	1
8	0	24	1
9	1	24	1
10	0	24	1
11	1	24	1
12	1	24	1
13	0	24	1
14	2	24	1
15	0	24	1
16	0	24	1
17	0	24	1
18	1	24	1
19	4	24	1
20	5	24	1
21	6	24	1
22	0	24	1
23	2	24	1
24	3	24	1
25	4	24	1
26	3	24	1
27	0	24	1
28	5	24	1
29	2	24	1
30	2	24	1
31	4	24	1
32	5	24	1
33	7	24	1
34	0	24	1
35	1	24	1
36	0	24	1
37	2	24	1
38	1	24	1
39	1	24	1
40	3	24	1
41	2	24	1
1	2	25	1
2	0	25	1
3	0	25	1
4	0	25	1
5	0	25	1
6	1	25	1
7	0	25	1
8	0	25	1
9	1	25	1
10	0	25	1
11	0	25	1
12	0	25	1
13	0	25	1
14	1	25	1
15	0	25	1
16	0	25	1
17	0	25	1
18	3	25	1
19	2	25	1
20	5	25	1
21	4	25	1
22	2	25	1
23	0	25	1
24	2	25	1
25	3	25	1
26	6	25	1
27	0	25	1
28	2	25	1
29	7	25	1
30	2	25	1
31	3	25	1
32	2	25	1
33	8	25	1
34	1	25	1
35	1	25	1
36	0	25	1
37	3	25	1
38	1	25	1
39	1	25	1
40	2	25	1
41	1	25	1
42	3	25	1
1	1	26	1
2	0	26	1
3	0	26	1
4	0	26	1
5	0	26	1
6	0	26	1
7	0	26	1
8	0	26	1
9	1	26	1
10	0	26	1
11	1	26	1
12	0	26	1
13	0	26	1
14	0	26	1
15	0	26	1
16	0	26	1
17	0	26	1
18	5	26	1
19	5	26	1
20	3	26	1
21	1	26	1
22	1	26	1
23	1	26	1
24	5	26	1
25	9	26	1
26	1	26	1
27	0	26	1
28	3	26	1
29	1	26	1
30	6	26	1
31	2	26	1
32	4	26	1
33	5	26	1
34	1	26	1
35	1	26	1
36	0	26	1
37	0	26	1
38	3	26	1
39	4	26	1
40	3	26	1
41	2	26	1
1	1	27	1
2	0	27	1
3	0	27	1
4	0	27	1
5	0	27	1
6	2	27	1
7	0	27	1
8	0	27	1
9	0	27	1
10	0	27	1
11	0	27	1
12	2	27	1
13	0	27	1
14	1	27	1
15	0	27	1
16	0	27	1
17	0	27	1
18	2	27	1
19	1	27	1
20	5	27	1
21	3	27	1
22	1	27	1
23	2	27	1
24	3	27	1
25	7	27	1
26	3	27	1
27	0	27	1
28	4	27	1
29	2	27	1
30	1	27	1
31	0	27	1
32	4	27	1
33	11	27	1
34	2	27	1
35	1	27	1
36	0	27	1
37	0	27	1
38	1	27	1
39	3	27	1
40	2	27	1
41	3	27	1
42	2	27	1
1	1	28	1
2	0	28	1
3	0	28	1
4	0	28	1
5	0	28	1
6	0	28	1
7	0	28	1
8	0	28	1
9	0	28	1
10	0	28	1
11	3	28	1
12	0	28	1
13	0	28	1
14	2	28	1
15	0	28	1
16	0	28	1
17	0	28	1
18	2	28	1
19	2	28	1
20	8	28	1
21	4	28	1
22	3	28	1
23	1	28	1
24	4	28	1
25	3	28	1
26	2	28	1
27	0	28	1
28	2	28	1
29	5	28	1
30	6	28	1
31	3	28	1
32	1	28	1
33	5	28	1
34	2	28	1
35	2	28	1
36	0	28	1
37	0	28	1
38	0	28	1
39	3	28	1
40	4	28	1
41	0	28	1
42	1	28	1
1	1	29	1
2	0	29	1
3	0	29	1
4	0	29	1
5	0	29	1
6	1	29	1
7	0	29	1
8	0	29	1
9	1	29	1
10	0	29	1
11	0	29	1
12	2	29	1
13	0	29	1
14	2	29	1
15	0	29	1
16	0	29	1
17	0	29	1
18	1	29	1
19	4	29	1
20	5	29	1
21	3	29	1
22	1	29	1
23	0	29	1
24	5	29	1
25	3	29	1
26	2	29	1
27	0	29	1
28	5	29	1
29	6	29	1
30	4	29	1
31	2	29	1
32	3	29	1
33	7	29	1
34	0	29	1
35	1	29	1
36	0	29	1
37	3	29	1
38	1	29	1
39	1	29	1
40	3	29	1
41	1	29	1
42	1	29	1
1	2	30	1
2	0	30	1
3	0	30	1
4	0	30	1
5	0	30	1
6	2	30	1
7	0	30	1
8	0	30	1
9	2	30	1
10	0	30	1
11	1	30	1
12	0	30	1
13	0	30	1
14	2	30	1
15	0	30	1
16	0	30	1
17	0	30	1
18	2	30	1
19	4	30	1
20	2	30	1
21	2	30	1
22	3	30	1
23	1	30	1
24	3	30	1
25	3	30	1
26	3	30	1
27	0	30	1
28	5	30	1
29	4	30	1
30	3	30	1
31	2	30	1
32	4	30	1
33	2	30	1
34	3	30	1
35	0	30	1
36	0	30	1
37	0	30	1
38	1	30	1
39	4	30	1
40	4	30	1
41	4	30	1
42	1	30	1
1	1	31	1
2	0	31	1
3	0	31	1
4	0	31	1
5	0	31	1
6	0	31	1
7	0	31	1
8	0	31	1
9	0	31	1
10	0	31	1
11	1	31	1
12	2	31	1
13	0	31	1
14	0	31	1
15	0	31	1
16	0	31	1
17	0	31	1
18	1	31	1
19	3	31	1
20	3	31	1
21	5	31	1
22	4	31	1
23	3	31	1
24	5	31	1
25	9	31	1
26	1	31	1
27	0	31	1
28	3	31	1
29	0	31	1
30	7	31	1
31	2	31	1
32	2	31	1
33	7	31	1
34	3	31	1
35	3	31	1
36	0	31	1
37	0	31	1
38	1	31	1
39	0	31	1
40	3	31	1
1	2	32	1
2	0	32	1
3	0	32	1
4	0	32	1
5	0	32	1
6	1	32	1
7	0	32	1
8	0	32	1
9	0	32	1
10	0	32	1
11	0	32	1
12	1	32	1
13	0	32	1
14	2	32	1
15	0	32	1
16	0	32	1
17	0	32	1
18	2	32	1
19	1	32	1
20	5	32	1
21	2	32	1
22	2	32	1
23	1	32	1
24	8	32	1
25	7	32	1
26	2	32	1
27	0	32	1
28	3	32	1
29	3	32	1
30	9	32	1
31	1	32	1
32	2	32	1
33	4	32	1
34	1	32	1
35	3	32	1
36	0	32	1
37	0	32	1
38	2	32	1
39	1	32	1
40	2	32	1
41	1	32	1
42	1	32	1
1	1	33	1
2	0	33	1
3	0	33	1
4	0	33	1
5	0	33	1
6	0	33	1
7	0	33	1
8	0	33	1
9	1	33	1
10	0	33	1
11	1	33	1
12	2	33	1
13	0	33	1
14	1	33	1
15	0	33	1
16	0	33	1
17	0	33	1
18	2	33	1
19	2	33	1
20	10	33	1
21	2	33	1
22	4	33	1
23	0	33	1
24	4	33	1
25	4	33	1
26	0	33	1
27	0	33	1
28	5	33	1
29	2	33	1
30	3	33	1
31	0	33	1
32	3	33	1
33	8	33	1
34	1	33	1
35	1	33	1
36	0	33	1
37	4	33	1
38	3	33	1
39	2	33	1
40	2	33	1
41	0	33	1
42	1	33	1
1	0	34	1
2	0	34	1
3	0	34	1
4	0	34	1
5	0	34	1
6	0	34	1
7	0	34	1
8	0	34	1
9	1	34	1
10	0	34	1
11	2	34	1
12	0	34	1
13	0	34	1
14	2	34	1
15	0	34	1
16	0	34	1
17	0	34	1
18	1	34	1
19	2	34	1
20	5	34	1
21	4	34	1
22	4	34	1
23	1	34	1
24	5	34	1
25	3	34	1
26	2	34	1
27	0	34	1
28	4	34	1
29	5	34	1
30	3	34	1
31	1	34	1
32	0	34	1
33	7	34	1
34	1	34	1
35	1	34	1
36	0	34	1
37	1	34	1
38	2	34	1
39	4	34	1
40	2	34	1
41	4	34	1
42	2	34	1
1	1	35	1
2	0	35	1
3	0	35	1
4	0	35	1
5	0	35	1
6	0	35	1
7	0	35	1
8	0	35	1
9	0	35	1
10	0	35	1
11	0	35	1
12	0	35	1
13	0	35	1
14	1	35	1
15	0	35	1
16	0	35	1
17	0	35	1
18	2	35	1
19	4	35	1
20	11	35	1
21	1	35	1
22	2	35	1
23	0	35	1
24	3	35	1
25	7	35	1
26	2	35	1
27	0	35	1
28	2	35	1
29	6	35	1
30	5	35	1
31	3	35	1
32	2	35	1
33	4	35	1
34	0	35	1
35	2	35	1
36	0	35	1
37	1	35	1
38	1	35	1
39	2	35	1
40	1	35	1
41	2	35	1
42	4	35	1
1	0	36	1
2	0	36	1
3	0	36	1
4	0	36	1
5	0	36	1
6	2	36	1
7	0	36	1
8	0	36	1
9	2	36	1
10	0	36	1
11	2	36	1
12	0	36	1
13	0	36	1
14	2	36	1
15	0	36	1
16	0	36	1
17	0	36	1
18	2	36	1
19	2	36	1
20	4	36	1
21	3	36	1
22	0	36	1
23	2	36	1
24	4	36	1
25	4	36	1
26	6	36	1
27	0	36	1
28	1	36	1
29	5	36	1
30	4	36	1
31	3	36	1
32	4	36	1
33	8	36	1
34	0	36	1
35	1	36	1
36	0	36	1
37	0	36	1
38	1	36	1
39	2	36	1
40	3	36	1
41	1	36	1
42	1	36	1
1	2	37	1
2	0	37	1
3	0	37	1
4	0	37	1
5	0	37	1
6	1	37	1
7	0	37	1
8	0	37	1
9	2	37	1
10	0	37	1
11	1	37	1
12	2	37	1
13	0	37	1
14	0	37	1
15	0	37	1
16	0	37	1
17	0	37	1
18	3	37	1
19	7	37	1
20	5	37	1
21	2	37	1
22	2	37	1
23	0	37	1
24	4	37	1
25	5	37	1
26	1	37	1
27	0	37	1
28	2	37	1
29	1	37	1
30	5	37	1
31	3	37	1
32	2	37	1
33	8	37	1
34	1	37	1
35	2	37	1
36	0	37	1
37	2	37	1
38	1	37	1
39	2	37	1
40	0	37	1
41	2	37	1
42	1	37	1
1	4	38	1
2	0	38	1
3	0	38	1
4	0	38	1
5	0	38	1
6	0	38	1
7	0	38	1
8	0	38	1
9	1	38	1
10	0	38	1
11	4	38	1
12	1	38	1
13	0	38	1
14	1	38	1
15	0	38	1
16	0	38	1
17	0	38	1
18	4	38	1
19	0	38	1
20	5	38	1
21	5	38	1
22	1	38	1
23	1	38	1
24	6	38	1
25	7	38	1
26	4	38	1
27	0	38	1
28	5	38	1
29	3	38	1
30	1	38	1
31	1	38	1
32	1	38	1
33	7	38	1
34	1	38	1
35	0	38	1
36	0	38	1
37	0	38	1
38	2	38	1
39	3	38	1
40	0	38	1
41	1	38	1
1	2	39	1
2	0	39	1
3	0	39	1
4	0	39	1
5	0	39	1
6	1	39	1
7	0	39	1
8	0	39	1
9	2	39	1
10	0	39	1
11	2	39	1
12	3	39	1
13	0	39	1
14	1	39	1
15	0	39	1
16	0	39	1
17	0	39	1
18	0	39	1
19	4	39	1
20	3	39	1
21	3	39	1
22	2	39	1
23	0	39	1
24	5	39	1
25	5	39	1
26	4	39	1
27	0	39	1
28	2	39	1
29	2	39	1
30	3	39	1
31	1	39	1
32	5	39	1
33	9	39	1
34	0	39	1
35	1	39	1
36	0	39	1
37	0	39	1
38	1	39	1
39	3	39	1
40	0	39	1
41	2	39	1
42	3	39	1
1	0	40	1
2	0	40	1
3	0	40	1
4	0	40	1
5	0	40	1
6	0	40	1
7	0	40	1
8	0	40	1
9	1	40	1
10	0	40	1
11	0	40	1
12	0	40	1
13	0	40	1
14	0	40	1
15	0	40	1
16	0	40	1
17	0	40	1
18	3	40	1
19	3	40	1
20	7	40	1
21	4	40	1
22	2	40	1
23	0	40	1
24	1	40	1
25	6	40	1
26	3	40	1
27	0	40	1
28	0	40	1
29	1	40	1
30	4	40	1
31	3	40	1
32	5	40	1
33	4	40	1
34	2	40	1
35	3	40	1
36	0	40	1
37	1	40	1
38	4	40	1
39	4	40	1
40	4	40	1
41	1	40	1
42	3	40	1
1	1	41	1
2	0	41	1
3	0	41	1
4	0	41	1
5	0	41	1
6	0	41	1
7	0	41	1
8	0	41	1
9	0	41	1
10	0	41	1
11	0	41	1
12	0	41	1
13	0	41	1
14	0	41	1
15	0	41	1
16	0	41	1
17	0	41	1
18	4	41	1
19	4	41	1
20	4	41	1
21	2	41	1
22	2	41	1
23	0	41	1
24	2	41	1
25	4	41	1
26	3	41	1
27	0	41	1
28	1	41	1
29	5	41	1
30	3	41	1
31	3	41	1
32	6	41	1
33	10	41	1
34	0	41	1
35	1	41	1
36	0	41	1
37	1	41	1
38	3	41	1
39	3	41	1
40	4	41	1
41	1	41	1
42	2	41	1
1	3	42	1
2	0	42	1
3	0	42	1
4	0	42	1
5	0	42	1
6	3	42	1
7	0	42	1
8	0	42	1
9	0	42	1
10	0	42	1
11	0	42	1
12	0	42	1
13	0	42	1
14	3	42	1
15	0	42	1
16	0	42	1
17	0	42	1
18	0	42	1
19	7	42	1
20	7	42	1
21	3	42	1
22	1	42	1
23	0	42	1
24	4	42	1
25	6	42	1
26	1	42	1
27	0	42	1
28	3	42	1
29	3	42	1
30	5	42	1
31	2	42	1
32	3	42	1
33	4	42	1
34	3	42	1
35	0	42	1
36	0	42	1
37	1	42	1
38	2	42	1
39	1	42	1
40	1	42	1
41	1	42	1
42	2	42	1
1	3	43	1
2	0	43	1
3	0	43	1
4	0	43	1
5	0	43	1
6	1	43	1
7	0	43	1
8	0	43	1
9	1	43	1
10	0	43	1
11	2	43	1
12	3	43	1
13	0	43	1
14	2	43	1
15	0	43	1
16	0	43	1
17	0	43	1
18	3	43	1
19	3	43	1
20	5	43	1
21	2	43	1
22	2	43	1
23	1	43	1
24	6	43	1
25	4	43	1
26	1	43	1
27	0	43	1
28	1	43	1
29	2	43	1
30	0	43	1
31	1	43	1
32	2	43	1
33	8	43	1
34	2	43	1
35	0	43	1
36	0	43	1
37	2	43	1
38	1	43	1
39	4	43	1
40	1	43	1
41	1	43	1
42	5	43	1
1	0	44	1
2	0	44	1
3	0	44	1
4	0	44	1
5	0	44	1
6	1	44	1
7	0	44	1
8	0	44	1
9	0	44	1
10	0	44	1
11	0	44	1
12	0	44	1
13	0	44	1
14	1	44	1
15	0	44	1
16	0	44	1
17	0	44	1
18	3	44	1
19	3	44	1
20	4	44	1
21	4	44	1
22	1	44	1
23	0	44	1
24	6	44	1
25	8	44	1
26	1	44	1
27	0	44	1
28	2	44	1
29	3	44	1
30	5	44	1
31	2	44	1
32	4	44	1
33	10	44	1
34	0	44	1
35	2	44	1
36	0	44	1
37	0	44	1
38	4	44	1
39	2	44	1
40	2	44	1
41	1	44	1
1	1	45	1
2	0	45	1
3	0	45	1
4	0	45	1
5	0	45	1
6	0	45	1
7	0	45	1
8	0	45	1
9	0	45	1
10	0	45	1
11	1	45	1
12	0	45	1
13	0	45	1
14	0	45	1
15	0	45	1
16	0	45	1
17	0	45	1
18	4	45	1
19	3	45	1
20	7	45	1
21	3	45	1
22	3	45	1
23	1	45	1
24	3	45	1
25	4	45	1
26	3	45	1
27	0	45	1
28	0	45	1
29	5	45	1
30	1	45	1
31	4	45	1
32	4	45	1
33	12	45	1
34	2	45	1
35	0	45	1
36	0	45	1
37	0	45	1
38	1	45	1
39	2	45	1
40	2	45	1
41	0	45	1
42	3	45	1
1	1	46	1
2	0	46	1
3	0	46	1
4	0	46	1
5	0	46	1
6	0	46	1
7	0	46	1
8	0	46	1
9	0	46	1
10	0	46	1
11	1	46	1
12	0	46	1
13	0	46	1
14	1	46	1
15	0	46	1
16	0	46	1
17	0	46	1
18	2	46	1
19	6	46	1
20	7	46	1
21	3	46	1
22	1	46	1
23	1	46	1
24	5	46	1
25	4	46	1
26	2	46	1
27	0	46	1
28	3	46	1
29	2	46	1
30	6	46	1
31	3	46	1
32	3	46	1
33	3	46	1
34	2	46	1
35	1	46	1
36	0	46	1
37	1	46	1
38	3	46	1
39	2	46	1
40	1	46	1
41	5	46	1
1	1	47	1
2	0	47	1
3	0	47	1
4	0	47	1
5	0	47	1
6	0	47	1
7	0	47	1
8	0	47	1
9	1	47	1
10	0	47	1
11	2	47	1
12	2	47	1
13	0	47	1
14	0	47	1
15	0	47	1
16	0	47	1
17	0	47	1
18	2	47	1
19	2	47	1
20	7	47	1
21	3	47	1
22	0	47	1
23	1	47	1
24	2	47	1
25	4	47	1
26	2	47	1
27	0	47	1
28	4	47	1
29	2	47	1
30	6	47	1
31	2	47	1
32	2	47	1
33	7	47	1
34	3	47	1
35	0	47	1
36	0	47	1
37	0	47	1
38	0	47	1
39	2	47	1
40	5	47	1
41	5	47	1
42	2	47	1
1	3	48	1
2	0	48	1
3	0	48	1
4	0	48	1
5	0	48	1
6	2	48	1
7	0	48	1
8	0	48	1
9	1	48	1
10	0	48	1
11	3	48	1
12	1	48	1
13	0	48	1
14	0	48	1
15	0	48	1
16	0	48	1
17	0	48	1
18	2	48	1
19	3	48	1
20	1	48	1
21	5	48	1
22	2	48	1
23	1	48	1
24	5	48	1
25	6	48	1
26	0	48	1
27	0	48	1
28	1	48	1
29	3	48	1
30	2	48	1
31	0	48	1
32	1	48	1
33	12	48	1
34	1	48	1
35	2	48	1
36	0	48	1
37	2	48	1
38	0	48	1
39	3	48	1
40	2	48	1
41	5	48	1
1	0	49	1
2	0	49	1
3	0	49	1
4	0	49	1
5	0	49	1
6	0	49	1
7	0	49	1
8	0	49	1
9	1	49	1
10	0	49	1
11	0	49	1
12	1	49	1
13	0	49	1
14	1	49	1
15	0	49	1
16	0	49	1
17	0	49	1
18	2	49	1
19	1	49	1
20	8	49	1
21	5	49	1
22	0	49	1
23	0	49	1
24	5	49	1
25	3	49	1
26	1	49	1
27	0	49	1
28	4	49	1
29	4	49	1
30	6	49	1
31	2	49	1
32	2	49	1
33	7	49	1
34	1	49	1
35	1	49	1
36	0	49	1
37	2	49	1
38	1	49	1
39	2	49	1
40	4	49	1
41	3	49	1
42	2	49	1
1	0	50	1
2	0	50	1
3	0	50	1
4	0	50	1
5	0	50	1
6	0	50	1
7	0	50	1
8	0	50	1
9	0	50	1
10	0	50	1
11	0	50	1
12	0	50	1
13	0	50	1
14	1	50	1
15	0	50	1
16	0	50	1
17	0	50	1
18	2	50	1
19	3	50	1
20	6	50	1
21	6	50	1
22	0	50	1
23	0	50	1
24	4	50	1
25	2	50	1
26	1	50	1
27	0	50	1
28	5	50	1
29	4	50	1
30	3	50	1
31	2	50	1
32	6	50	1
33	13	50	1
34	3	50	1
35	1	50	1
36	0	50	1
37	0	50	1
38	1	50	1
39	1	50	1
40	3	50	1
41	2	50	1
1	1	51	1
2	0	51	1
3	0	51	1
4	0	51	1
5	0	51	1
6	1	51	1
7	0	51	1
8	0	51	1
9	1	51	1
10	0	51	1
11	0	51	1
12	0	51	1
13	0	51	1
14	1	51	1
15	0	51	1
16	0	51	1
17	0	51	1
18	3	51	1
19	1	51	1
20	4	51	1
21	2	51	1
22	2	51	1
23	0	51	1
24	3	51	1
25	7	51	1
26	2	51	1
27	0	51	1
28	3	51	1
29	6	51	1
30	7	51	1
31	1	51	1
32	5	51	1
33	4	51	1
34	2	51	1
35	3	51	1
36	0	51	1
37	0	51	1
38	1	51	1
39	2	51	1
40	3	51	1
41	1	51	1
42	3	51	1
1	4	52	1
2	0	52	1
3	0	52	1
4	0	52	1
5	0	52	1
6	0	52	1
7	0	52	1
8	0	52	1
9	0	52	1
10	0	52	1
11	0	52	1
12	2	52	1
13	0	52	1
14	0	52	1
15	0	52	1
16	0	52	1
17	0	52	1
18	2	52	1
19	2	52	1
20	9	52	1
21	4	52	1
22	2	52	1
23	0	52	1
24	2	52	1
25	6	52	1
26	0	52	1
27	0	52	1
28	5	52	1
29	5	52	1
30	2	52	1
31	3	52	1
32	2	52	1
33	9	52	1
34	1	52	1
35	0	52	1
36	0	52	1
37	5	52	1
38	1	52	1
39	2	52	1
40	0	52	1
41	1	52	1
1	1	53	1
2	0	53	1
3	0	53	1
4	0	53	1
5	0	53	1
6	1	53	1
7	0	53	1
8	0	53	1
9	0	53	1
10	0	53	1
11	1	53	1
12	3	53	1
13	0	53	1
14	0	53	1
15	0	53	1
16	0	53	1
17	0	53	1
18	2	53	1
19	3	53	1
20	6	53	1
21	3	53	1
22	4	53	1
23	1	53	1
24	2	53	1
25	4	53	1
26	1	53	1
27	0	53	1
28	3	53	1
29	4	53	1
30	2	53	1
31	3	53	1
32	3	53	1
33	6	53	1
34	2	53	1
35	1	53	1
36	0	53	1
37	1	53	1
38	1	53	1
39	4	53	1
40	2	53	1
41	3	53	1
42	2	53	1
1	2	54	1
2	0	54	1
3	0	54	1
4	0	54	1
5	0	54	1
6	0	54	1
7	0	54	1
8	0	54	1
9	0	54	1
10	0	54	1
11	2	54	1
12	0	54	1
13	0	54	1
14	1	54	1
15	0	54	1
16	0	54	1
17	0	54	1
18	4	54	1
19	3	54	1
20	7	54	1
21	3	54	1
22	2	54	1
23	1	54	1
24	5	54	1
25	3	54	1
26	0	54	1
27	0	54	1
28	5	54	1
29	2	54	1
30	3	54	1
31	0	54	1
32	2	54	1
33	6	54	1
34	3	54	1
35	2	54	1
36	0	54	1
37	1	54	1
38	3	54	1
39	4	54	1
40	5	54	1
1	1	55	1
2	0	55	1
3	0	55	1
4	0	55	1
5	0	55	1
6	1	55	1
7	0	55	1
8	0	55	1
9	1	55	1
10	0	55	1
11	0	55	1
12	0	55	1
13	0	55	1
14	0	55	1
15	0	55	1
16	0	55	1
17	0	55	1
18	2	55	1
19	6	55	1
20	4	55	1
21	2	55	1
22	3	55	1
23	1	55	1
24	4	55	1
25	8	55	1
26	2	55	1
27	0	55	1
28	4	55	1
29	4	55	1
30	2	55	1
31	2	55	1
32	4	55	1
33	7	55	1
34	2	55	1
35	3	55	1
36	0	55	1
37	0	55	1
38	0	55	1
39	4	55	1
40	2	55	1
1	2	56	1
2	0	56	1
3	0	56	1
4	0	56	1
5	0	56	1
6	0	56	1
7	0	56	1
8	0	56	1
9	0	56	1
10	0	56	1
11	2	56	1
12	0	56	1
13	0	56	1
14	0	56	1
15	0	56	1
16	0	56	1
17	0	56	1
18	1	56	1
19	3	56	1
20	5	56	1
21	3	56	1
22	1	56	1
23	2	56	1
24	2	56	1
25	7	56	1
26	2	56	1
27	0	56	1
28	5	56	1
29	3	56	1
30	7	56	1
31	2	56	1
32	3	56	1
33	6	56	1
34	4	56	1
35	1	56	1
36	0	56	1
37	3	56	1
38	1	56	1
39	1	56	1
40	1	56	1
41	1	56	1
42	1	56	1
1	4	57	1
2	0	57	1
3	0	57	1
4	0	57	1
5	0	57	1
6	0	57	1
7	0	57	1
8	0	57	1
9	0	57	1
10	0	57	1
11	0	57	1
12	1	57	1
13	0	57	1
14	1	57	1
15	0	57	1
16	0	57	1
17	0	57	1
18	3	57	1
19	4	57	1
20	4	57	1
21	6	57	1
22	3	57	1
23	0	57	1
24	2	57	1
25	8	57	1
26	3	57	1
27	0	57	1
28	2	57	1
29	6	57	1
30	2	57	1
31	2	57	1
32	3	57	1
33	6	57	1
34	0	57	1
35	2	57	1
36	0	57	1
37	2	57	1
38	1	57	1
39	4	57	1
1	3	58	1
2	0	58	1
3	0	58	1
4	0	58	1
5	0	58	1
6	0	58	1
7	0	58	1
8	0	58	1
9	1	58	1
10	0	58	1
11	1	58	1
12	1	58	1
13	0	58	1
14	2	58	1
15	0	58	1
16	0	58	1
17	0	58	1
18	2	58	1
19	6	58	1
20	10	58	1
21	3	58	1
22	4	58	1
23	0	58	1
24	7	58	1
25	3	58	1
26	4	58	1
27	0	58	1
28	2	58	1
29	3	58	1
30	2	58	1
31	0	58	1
32	1	58	1
33	4	58	1
34	1	58	1
35	1	58	1
36	0	58	1
37	0	58	1
38	1	58	1
39	2	58	1
40	3	58	1
41	2	58	1
1	2	59	1
2	0	59	1
3	0	59	1
4	0	59	1
5	0	59	1
6	1	59	1
7	0	59	1
8	0	59	1
9	1	59	1
10	0	59	1
11	1	59	1
12	2	59	1
13	0	59	1
14	1	59	1
15	0	59	1
16	0	59	1
17	0	59	1
18	2	59	1
19	4	59	1
20	8	59	1
21	6	59	1
22	1	59	1
23	1	59	1
24	3	59	1
25	2	59	1
26	1	59	1
27	0	59	1
28	1	59	1
29	2	59	1
30	3	59	1
31	2	59	1
32	4	59	1
33	7	59	1
34	5	59	1
35	2	59	1
36	0	59	1
37	0	59	1
38	0	59	1
39	2	59	1
40	1	59	1
41	4	59	1
1	0	60	1
2	0	60	1
3	0	60	1
4	0	60	1
5	0	60	1
6	1	60	1
7	0	60	1
8	0	60	1
9	0	60	1
10	0	60	1
11	1	60	1
12	2	60	1
13	0	60	1
14	1	60	1
15	0	60	1
16	0	60	1
17	0	60	1
18	7	60	1
19	1	60	1
20	4	60	1
21	1	60	1
22	4	60	1
23	3	60	1
24	3	60	1
25	4	60	1
26	2	60	1
27	0	60	1
28	2	60	1
29	4	60	1
30	6	60	1
31	0	60	1
32	1	60	1
33	12	60	1
34	3	60	1
35	1	60	1
36	0	60	1
37	0	60	1
38	0	60	1
39	1	60	1
40	3	60	1
41	1	60	1
42	1	60	1
1	1	61	1
2	0	61	1
3	0	61	1
4	0	61	1
5	0	61	1
6	1	61	1
7	0	61	1
8	0	61	1
9	3	61	1
10	0	61	1
11	1	61	1
12	0	61	1
13	0	61	1
14	2	61	1
15	0	61	1
16	0	61	1
17	0	61	1
18	4	61	1
19	2	61	1
20	3	61	1
21	1	61	1
22	7	61	1
23	2	61	1
24	3	61	1
25	6	61	1
26	1	61	1
27	0	61	1
28	3	61	1
29	4	61	1
30	4	61	1
31	0	61	1
32	1	61	1
33	10	61	1
34	3	61	1
35	0	61	1
36	0	61	1
37	1	61	1
38	1	61	1
39	1	61	1
40	1	61	1
41	3	61	1
1	3	62	1
2	0	62	1
3	0	62	1
4	0	62	1
5	0	62	1
6	0	62	1
7	0	62	1
8	0	62	1
9	1	62	1
10	0	62	1
11	1	62	1
12	0	62	1
13	0	62	1
14	0	62	1
15	0	62	1
16	0	62	1
17	0	62	1
18	1	62	1
19	1	62	1
20	8	62	1
21	2	62	1
22	2	62	1
23	1	62	1
24	4	62	1
25	5	62	1
26	2	62	1
27	0	62	1
28	2	62	1
29	6	62	1
30	9	62	1
31	1	62	1
32	3	62	1
33	8	62	1
34	1	62	1
35	1	62	1
36	0	62	1
37	0	62	1
38	1	62	1
39	2	62	1
40	2	62	1
41	0	62	1
42	2	62	1
1	2	63	1
2	0	63	1
3	0	63	1
4	0	63	1
5	0	63	1
6	1	63	1
7	0	63	1
8	0	63	1
9	0	63	1
10	0	63	1
11	2	63	1
12	0	63	1
13	0	63	1
14	2	63	1
15	0	63	1
16	0	63	1
17	0	63	1
18	1	63	1
19	1	63	1
20	3	63	1
21	2	63	1
22	1	63	1
23	2	63	1
24	5	63	1
25	5	63	1
26	0	63	1
27	0	63	1
28	5	63	1
29	7	63	1
30	6	63	1
31	6	63	1
32	4	63	1
33	8	63	1
34	3	63	1
35	1	63	1
36	0	63	1
37	0	63	1
38	1	63	1
39	0	63	1
40	1	63	1
1	2	64	1
2	0	64	1
3	0	64	1
4	0	64	1
5	0	64	1
6	1	64	1
7	0	64	1
8	0	64	1
9	3	64	1
10	0	64	1
11	1	64	1
12	2	64	1
13	0	64	1
14	1	64	1
15	0	64	1
16	0	64	1
17	0	64	1
18	4	64	1
19	0	64	1
20	7	64	1
21	2	64	1
22	6	64	1
23	1	64	1
24	4	64	1
25	3	64	1
26	2	64	1
27	0	64	1
28	2	64	1
29	4	64	1
30	5	64	1
31	4	64	1
32	2	64	1
33	5	64	1
34	1	64	1
35	1	64	1
36	0	64	1
37	3	64	1
38	1	64	1
39	1	64	1
40	1	64	1
1	1	65	1
2	0	65	1
3	0	65	1
4	0	65	1
5	0	65	1
6	1	65	1
7	0	65	1
8	0	65	1
9	1	65	1
10	0	65	1
11	0	65	1
12	0	65	1
13	0	65	1
14	1	65	1
15	0	65	1
16	0	65	1
17	0	65	1
18	0	65	1
19	4	65	1
20	7	65	1
21	2	65	1
22	0	65	1
23	1	65	1
24	0	65	1
25	6	65	1
26	3	65	1
27	0	65	1
28	3	65	1
29	3	65	1
30	5	65	1
31	2	65	1
32	3	65	1
33	7	65	1
34	2	65	1
35	2	65	1
36	0	65	1
37	0	65	1
38	3	65	1
39	5	65	1
40	3	65	1
41	4	65	1
1	2	66	1
2	0	66	1
3	0	66	1
4	0	66	1
5	0	66	1
6	2	66	1
7	0	66	1
8	0	66	1
9	0	66	1
10	0	66	1
11	1	66	1
12	0	66	1
13	0	66	1
14	2	66	1
15	0	66	1
16	0	66	1
17	0	66	1
18	2	66	1
19	4	66	1
20	6	66	1
21	5	66	1
22	0	66	1
23	1	66	1
24	2	66	1
25	5	66	1
26	3	66	1
27	0	66	1
28	0	66	1
29	3	66	1
30	4	66	1
31	2	66	1
32	2	66	1
33	8	66	1
34	6	66	1
35	0	66	1
36	0	66	1
37	2	66	1
38	3	66	1
39	2	66	1
40	0	66	1
41	1	66	1
42	1	66	1
1	0	67	1
2	0	67	1
3	0	67	1
4	0	67	1
5	0	67	1
6	0	67	1
7	0	67	1
8	0	67	1
9	2	67	1
10	0	67	1
11	1	67	1
12	1	67	1
13	0	67	1
14	1	67	1
15	0	67	1
16	0	67	1
17	0	67	1
18	0	67	1
19	6	67	1
20	5	67	1
21	5	67	1
22	2	67	1
23	0	67	1
24	2	67	1
25	6	67	1
26	3	67	1
27	0	67	1
28	2	67	1
29	3	67	1
30	4	67	1
31	1	67	1
32	3	67	1
33	6	67	1
34	4	67	1
35	2	67	1
36	0	67	1
37	1	67	1
38	1	67	1
39	3	67	1
40	2	67	1
41	3	67	1
1	2	68	1
2	0	68	1
3	0	68	1
4	0	68	1
5	0	68	1
6	0	68	1
7	0	68	1
8	0	68	1
9	0	68	1
10	0	68	1
11	3	68	1
12	1	68	1
13	0	68	1
14	0	68	1
15	0	68	1
16	0	68	1
17	0	68	1
18	0	68	1
19	4	68	1
20	7	68	1
21	1	68	1
22	1	68	1
23	3	68	1
24	7	68	1
25	7	68	1
26	2	68	1
27	0	68	1
28	2	68	1
29	4	68	1
30	2	68	1
31	1	68	1
32	3	68	1
33	9	68	1
34	1	68	1
35	1	68	1
36	0	68	1
37	0	68	1
38	0	68	1
39	2	68	1
40	2	68	1
41	3	68	1
42	1	68	1
1	3	69	1
2	0	69	1
3	0	69	1
4	0	69	1
5	0	69	1
6	2	69	1
7	0	69	1
8	0	69	1
9	2	69	1
10	0	69	1
11	2	69	1
12	1	69	1
13	0	69	1
14	1	69	1
15	0	69	1
16	0	69	1
17	0	69	1
18	2	69	1
19	3	69	1
20	2	69	1
21	3	69	1
22	1	69	1
23	1	69	1
24	8	69	1
25	7	69	1
26	0	69	1
27	0	69	1
28	2	69	1
29	3	69	1
30	2	69	1
31	0	69	1
32	5	69	1
33	9	69	1
34	2	69	1
35	1	69	1
36	0	69	1
37	1	69	1
38	0	69	1
39	3	69	1
40	1	69	1
41	2	69	1
1	3	70	1
2	0	70	1
3	0	70	1
4	0	70	1
5	0	70	1
6	0	70	1
7	0	70	1
8	0	70	1
9	1	70	1
10	0	70	1
11	1	70	1
12	1	70	1
13	0	70	1
14	0	70	1
15	0	70	1
16	0	70	1
17	0	70	1
18	1	70	1
19	4	70	1
20	5	70	1
21	2	70	1
22	3	70	1
23	1	70	1
24	2	70	1
25	4	70	1
26	4	70	1
27	0	70	1
28	6	70	1
29	2	70	1
30	3	70	1
31	2	70	1
32	2	70	1
33	5	70	1
34	6	70	1
35	3	70	1
36	0	70	1
37	0	70	1
38	0	70	1
39	4	70	1
40	2	70	1
41	2	70	1
-1
