Line           Start(a)       Start(b)       a              b              LCI(a)         LCI(b)         UCI(a)         UCI(b)         Like           Inform         
Line1          0.00010        0.10000        0.00299        0.12403        0.00144        0.10042        0.00624        0.15319        -244.72473     0              
Line2          0.00010        0.10000        0.00174        0.13525        0.00076        0.10994        0.00399        0.16637        -242.26746     0              
Line3          0.00010        0.10000        0.00412        0.11491        0.00209        0.09239        0.00812        0.14292        -247.07663     0              
Line4          0.00010        0.10000        0.00357        0.11640        0.00173        0.09295        0.00735        0.14578        -249.02226     0              
Line5          0.00010        0.10000        0.00364        0.12134        0.00179        0.09753        0.00740        0.15095        -246.04380     0              
Line6          0.00010        0.10000        0.00194        0.13187        0.00086        0.10706        0.00437        0.16243        -243.27209     0              
Line7          0.00010        0.10000        0.00212        0.13092        0.00096        0.10617        0.00471        0.16143        -243.42276     0              
Line8          0.00010        0.10000        0.00193        0.13027        0.00084        0.10517        0.00441        0.16136        -245.45083     0              
Line9          0.00010        0.10000        0.00272        0.13243        0.00127        0.10734        0.00579        0.16339        -240.83822     0              
Line10         0.00010        0.10000        0.00197        0.12913        0.00087        0.10450        0.00445        0.15957        -245.09484     0              
Line11         0.00010        0.10000        0.00454        0.10722        0.00230        0.08488        0.00897        0.13545        -252.68904     0              
Line12         0.00010        0.10000        0.00223        0.12418        0.00100        0.09995        0.00498        0.15430        -247.79532     0              
Line13         0.00010        0.10000        0.00279        0.12773        0.00131        0.10313        0.00594        0.15820        -243.52412     0              
Line14         0.00010        0.10000        0.00257        0.13219        0.00120        0.10721        0.00551        0.16299        -241.69367     0              
Line15         0.00010        0.10000        0.00386        0.11735        0.00188        0.09312        0.00792        0.14787        -249.31134     0              
Line16         0.00010        0.10000        0.00134        0.14866        0.00057        0.12193        0.00318        0.18125        -236.40916     0              
Line17         0.00010        0.10000        0.00424        0.10806        0.00212        0.08562        0.00849        0.13637        -252.77398     0              
Line18         0.00010        0.10000        0.00233        0.13362        0.00108        0.10904        0.00502        0.16374        -240.83058     0              
Line19         0.00010        0.10000        0.00277        0.12867        0.00128        0.10361        0.00598        0.15978        -244.21898     0              
Line20         0.00010        0.10000        0.00469        0.11037        0.00238        0.08741        0.00927        0.13936        -250.66734     0              
Line21         0.00010        0.10000        0.00148        0.14364        0.00064        0.11777        0.00344        0.17518        -237.59611     0              
Line22         0.00010        0.10000        0.00260        0.13279        0.00120        0.10729        0.00564        0.16436        -241.95837     0              
Line23         0.00010        0.10000        0.00366        0.11224        0.00176        0.08880        0.00758        0.14187        -252.91352     0              
Line24         0.00010        0.10000        0.00248        0.13006        0.00114        0.10507        0.00539        0.16098        -243.95391     0              
Line25         0.00010        0.10000        0.00341        0.11728        0.00166        0.09420        0.00699        0.14603        -248.10334     0              
Line26         0.00010        0.10000        0.00388        0.11011        0.00191        0.08742        0.00788        0.13868        -252.07544     0              
Line27         0.00010        0.10000        0.00201        0.13762        0.00090        0.11198        0.00450        0.16913        -240.29703     0              
Line28         0.00010        0.10000        0.00448        0.11608        0.00229        0.09276        0.00879        0.14527        -247.79068     0              
Line29         0.00010        0.10000        0.00242        0.13180        0.00111        0.10671        0.00528        0.16280        -242.43033     0              
Line30         0.00010        0.10000        0.00294        0.12144        0.00138        0.09735        0.00624        0.15150        -248.24980     0              
Line31         0.00010        0.10000        0.00261        0.12753        0.00120        0.10270        0.00566        0.15836        -245.42555     0              
Line32         0.00010        0.10000        0.00338        0.11804        0.00164        0.09472        0.00697        0.14710        -247.65294     0              
Line33         0.00010        0.10000        0.00378        0.10937        0.00187        0.08704        0.00765        0.13745        -252.77951     0              
Line34         0.00010        0.10000        0.00198        0.13131        0.00088        0.10656        0.00445        0.16182        -243.58643     0              
Line35         0.00010        0.10000        0.00285        0.12138        0.00132        0.09716        0.00617        0.15163        -247.93941     0              
Line36         0.00010        0.10000        0.00295        0.11754        0.00142        0.09464        0.00613        0.14597        -248.76395     0              
Line37         0.00010        0.10000        0.00576        0.10043        0.00304        0.07886        0.01089        0.12790        -254.24526     0              
Line38         0.00010        0.10000        0.00113        0.15048        0.00046        0.12376        0.00276        0.18297        -234.38246     0              
Line39         0.00010        0.10000        0.00207        0.14887        0.00093        0.12191        0.00458        0.18179        -234.06768     0              
Line40         0.00010        0.10000        0.00455        0.12217        0.00229        0.09747        0.00906        0.15313        -244.85021     0              
Line41         0.00010        0.10000        0.00240        0.12949        0.00108        0.10390        0.00536        0.16139        -245.66476     0              
Line42         0.00010        0.10000        0.00357        0.11962        0.00172        0.09554        0.00738        0.14976        -247.75896     0              
Line43         0.00010        0.10000        0.00140        0.14039        0.00058        0.11392        0.00340        0.17302        -241.47503     0              
Line44         0.00010        0.10000        0.00308        0.12812        0.00151        0.10435        0.00631        0.15731        -241.42503     0              
Line45         0.00010        0.10000        0.00282        0.12190        0.00134        0.09841        0.00594        0.15100        -246.43034     0              
Line46         0.00010        0.10000        0.00273        0.12101        0.00127        0.09716        0.00583        0.15071        -248.48254     0              
Line47         0.00010        0.10000        0.00274        0.13151        0.00126        0.10539        0.00596        0.16411        -243.73718     0              
Line48         0.00010        0.10000        0.00436        0.11034        0.00222        0.08812        0.00855        0.13818        -250.22517     0              
Line49         0.00010        0.10000        0.00137        0.14618        0.00057        0.11960        0.00326        0.17867        -237.25376     0              
Line50         0.00010        0.10000        0.00201        0.13798        0.00091        0.11274        0.00445        0.16886        -239.10723     0              
Line51         0.00010        0.10000        0.00271        0.12572        0.00125        0.10075        0.00590        0.15688        -247.07763     0              
Line52         0.00010        0.10000        0.00147        0.13814        0.00062        0.11217        0.00351        0.17012        -241.67769     0              
Line53         0.00010        0.10000        0.00474        0.10775        0.00241        0.08506        0.00934        0.13650        -252.67822     0              
Line54         0.00010        0.10000        0.00226        0.13912        0.00104        0.11348        0.00495        0.17056        -237.56562     0              
Line55         0.00010        0.10000        0.00492        0.10370        0.00255        0.08216        0.00950        0.13090        -253.27981     0              
Line56         0.00010        0.10000        0.00240        0.13138        0.00112        0.10725        0.00512        0.16094        -240.91939     0              
Line57         0.00010        0.10000        0.00706        0.09138        0.00371        0.06947        0.01344        0.12019        -259.70908     0              
Line58         0.00010        0.10000        0.00358        0.12005        0.00175        0.09629        0.00732        0.14967        -247.20626     0              
Line59         0.00010        0.10000        0.00147        0.14990        0.00063        0.12335        0.00340        0.18217        -234.61104     0              
Line60         0.00010        0.10000        0.00129        0.15060        0.00054        0.12360        0.00310        0.18350        -234.73455     0              
Line61         0.00010        0.10000        0.00424        0.10918        0.00213        0.08680        0.00844        0.13732        -251.84135     0              
Line62         0.00010        0.10000        0.00242        0.12706        0.00110        0.10216        0.00534        0.15803        -246.04496     0              
Line63         0.00010        0.10000        0.00367        0.12093        0.00181        0.09717        0.00743        0.15049        -245.95658     0              
Line64         0.00010        0.10000        0.00357        0.11774        0.00175        0.09453        0.00727        0.14664        -247.54114     0              
Line65         0.00010        0.10000        0.00265        0.12354        0.00124        0.09995        0.00563        0.15271        -245.63702     0              
Line66         0.00010        0.10000        0.00261        0.12771        0.00122        0.10328        0.00558        0.15792        -244.44004     0              
Line67         0.00010        0.10000        0.00217        0.12408        0.00097        0.09969        0.00488        0.15445        -248.86513     0              
Line68         0.00010        0.10000        0.00354        0.11896        0.00173        0.09554        0.00724        0.14811        -246.82374     0              
Line69         0.00010        0.10000        0.00248        0.12391        0.00113        0.09929        0.00544        0.15464        -248.50255     0              
Line70         0.00010        0.10000        0.00261        0.12685        0.00121        0.10226        0.00563        0.15735        -245.49879     0              
