1	0	1	1
2	0	1	1
3	0	1	1
4	0	1	1
5	0	1	1
6	0	1	1
7	0	1	1
8	0	1	1
9	0	1	1
10	0	1	1
11	0	1	1
12	3	1	1
13	0	1	1
14	0	1	1
15	1	1	1
16	0	1	1
17	0	1	1
18	0	1	1
19	0	1	1
20	0	1	1
21	0	1	1
22	0	1	1
23	4	1	1
24	0	1	1
25	2	1	1
26	2	1	1
27	2	1	1
28	0	1	1
29	2	1	1
30	0	1	1
31	1	1	1
32	3	1	1
33	0	1	1
34	3	1	1
35	0	1	1
36	0	1	1
37	0	1	1
38	2	1	1
39	2	1	1
40	0	1	1
41	0	1	1
42	1	1	1
43	0	1	1
44	1	1	1
45	2	1	1
46	5	1	1
47	5	1	1
48	5	1	1
49	7	1	1
50	3	1	1
51	0	1	1
52	0	1	1
53	0	1	1
54	0	1	1
55	0	1	1
56	2	1	1
57	1	1	1
1	0	2	1
2	0	2	1
3	0	2	1
4	0	2	1
5	0	2	1
6	0	2	1
7	0	2	1
8	0	2	1
9	0	2	1
10	0	2	1
11	1	2	1
12	5	2	1
13	2	2	1
14	0	2	1
15	1	2	1
16	0	2	1
17	2	2	1
18	0	2	1
19	0	2	1
20	1	2	1
21	0	2	1
22	0	2	1
23	1	2	1
24	2	2	1
25	2	2	1
26	0	2	1
27	0	2	1
28	0	2	1
29	2	2	1
30	0	2	1
31	0	2	1
32	1	2	1
33	2	2	1
34	1	2	1
35	0	2	1
36	0	2	1
37	0	2	1
38	2	2	1
39	2	2	1
40	2	2	1
41	2	2	1
42	0	2	1
43	1	2	1
44	0	2	1
45	1	2	1
46	4	2	1
47	4	2	1
48	5	2	1
49	6	2	1
50	4	2	1
51	0	2	1
52	1	2	1
53	0	2	1
54	0	2	1
55	0	2	1
56	1	2	1
57	1	2	1
1	0	3	1
2	0	3	1
3	0	3	1
4	0	3	1
5	0	3	1
6	0	3	1
7	0	3	1
8	0	3	1
9	0	3	1
10	0	3	1
11	1	3	1
12	2	3	1
13	2	3	1
14	0	3	1
15	0	3	1
16	0	3	1
17	1	3	1
18	0	3	1
19	0	3	1
20	1	3	1
21	0	3	1
22	2	3	1
23	1	3	1
24	1	3	1
25	0	3	1
26	1	3	1
27	0	3	1
28	0	3	1
29	2	3	1
30	0	3	1
31	1	3	1
32	2	3	1
33	0	3	1
34	2	3	1
35	0	3	1
36	0	3	1
37	3	3	1
38	3	3	1
39	2	3	1
40	1	3	1
41	4	3	1
42	6	3	1
43	0	3	1
44	2	3	1
45	0	3	1
46	2	3	1
47	4	3	1
48	5	3	1
49	2	3	1
50	2	3	1
51	0	3	1
52	1	3	1
53	0	3	1
54	0	3	1
55	0	3	1
56	1	3	1
57	2	3	1
1	0	4	1
2	0	4	1
3	0	4	1
4	0	4	1
5	0	4	1
6	0	4	1
7	0	4	1
8	0	4	1
9	0	4	1
10	0	4	1
11	1	4	1
12	2	4	1
13	0	4	1
14	0	4	1
15	3	4	1
16	1	4	1
17	3	4	1
18	0	4	1
19	0	4	1
20	0	4	1
21	0	4	1
22	2	4	1
23	3	4	1
24	1	4	1
25	0	4	1
26	0	4	1
27	1	4	1
28	0	4	1
29	3	4	1
30	0	4	1
31	1	4	1
32	2	4	1
33	2	4	1
34	2	4	1
35	0	4	1
36	0	4	1
37	1	4	1
38	1	4	1
39	6	4	1
40	1	4	1
41	0	4	1
42	4	4	1
43	0	4	1
44	1	4	1
45	1	4	1
46	2	4	1
47	1	4	1
48	4	4	1
49	6	4	1
50	0	4	1
51	0	4	1
52	1	4	1
53	0	4	1
54	0	4	1
55	0	4	1
56	1	4	1
57	2	4	1
1	0	5	1
2	0	5	1
3	0	5	1
4	0	5	1
5	0	5	1
6	0	5	1
7	0	5	1
8	0	5	1
9	0	5	1
10	0	5	1
11	2	5	1
12	1	5	1
13	2	5	1
14	0	5	1
15	2	5	1
16	0	5	1
17	0	5	1
18	0	5	1
19	0	5	1
20	0	5	1
21	0	5	1
22	2	5	1
23	2	5	1
24	2	5	1
25	1	5	1
26	0	5	1
27	2	5	1
28	0	5	1
29	0	5	1
30	0	5	1
31	3	5	1
32	0	5	1
33	1	5	1
34	3	5	1
35	0	5	1
36	0	5	1
37	1	5	1
38	3	5	1
39	4	5	1
40	0	5	1
41	2	5	1
42	0	5	1
43	1	5	1
44	1	5	1
45	0	5	1
46	2	5	1
47	2	5	1
48	4	5	1
49	9	5	1
50	1	5	1
51	0	5	1
52	2	5	1
53	0	5	1
54	0	5	1
55	0	5	1
56	0	5	1
57	4	5	1
1	0	6	1
2	0	6	1
3	0	6	1
4	0	6	1
5	0	6	1
6	0	6	1
7	0	6	1
8	0	6	1
9	0	6	1
10	0	6	1
11	2	6	1
12	1	6	1
13	2	6	1
14	0	6	1
15	1	6	1
16	0	6	1
17	2	6	1
18	0	6	1
19	0	6	1
20	1	6	1
21	0	6	1
22	0	6	1
23	1	6	1
24	1	6	1
25	1	6	1
26	0	6	1
27	1	6	1
28	0	6	1
29	2	6	1
30	0	6	1
31	3	6	1
32	3	6	1
33	1	6	1
34	4	6	1
35	0	6	1
36	0	6	1
37	0	6	1
38	6	6	1
39	1	6	1
40	1	6	1
41	0	6	1
42	3	6	1
43	0	6	1
44	5	6	1
45	2	6	1
46	1	6	1
47	2	6	1
48	2	6	1
49	6	6	1
50	0	6	1
51	0	6	1
52	0	6	1
53	0	6	1
54	0	6	1
55	0	6	1
56	2	6	1
57	2	6	1
1	0	7	1
2	0	7	1
3	0	7	1
4	0	7	1
5	0	7	1
6	0	7	1
7	0	7	1
8	0	7	1
9	0	7	1
10	0	7	1
11	1	7	1
12	3	7	1
13	1	7	1
14	0	7	1
15	2	7	1
16	0	7	1
17	1	7	1
18	0	7	1
19	0	7	1
20	0	7	1
21	0	7	1
22	0	7	1
23	1	7	1
24	1	7	1
25	2	7	1
26	1	7	1
27	0	7	1
28	0	7	1
29	6	7	1
30	0	7	1
31	3	7	1
32	1	7	1
33	3	7	1
34	2	7	1
35	0	7	1
36	0	7	1
37	0	7	1
38	2	7	1
39	1	7	1
40	1	7	1
41	1	7	1
42	4	7	1
43	1	7	1
44	1	7	1
45	1	7	1
46	5	7	1
47	4	7	1
48	2	7	1
49	4	7	1
50	2	7	1
51	0	7	1
52	0	7	1
53	0	7	1
54	0	7	1
55	0	7	1
56	1	7	1
57	1	7	1
1	0	8	1
2	0	8	1
3	0	8	1
4	0	8	1
5	0	8	1
6	0	8	1
7	0	8	1
8	0	8	1
9	0	8	1
10	0	8	1
11	1	8	1
12	0	8	1
13	0	8	1
14	0	8	1
15	2	8	1
16	0	8	1
17	2	8	1
18	0	8	1
19	0	8	1
20	0	8	1
21	0	8	1
22	3	8	1
23	1	8	1
24	0	8	1
25	1	8	1
26	1	8	1
27	1	8	1
28	0	8	1
29	2	8	1
30	0	8	1
31	1	8	1
32	5	8	1
33	0	8	1
34	1	8	1
35	0	8	1
36	0	8	1
37	2	8	1
38	2	8	1
39	3	8	1
40	1	8	1
41	2	8	1
42	0	8	1
43	1	8	1
44	3	8	1
45	0	8	1
46	5	8	1
47	3	8	1
48	7	8	1
49	3	8	1
50	3	8	1
51	0	8	1
52	1	8	1
53	0	8	1
54	0	8	1
55	0	8	1
56	2	8	1
1	0	9	1
2	0	9	1
3	0	9	1
4	0	9	1
5	0	9	1
6	0	9	1
7	0	9	1
8	0	9	1
9	0	9	1
10	0	9	1
11	0	9	1
12	0	9	1
13	1	9	1
14	0	9	1
15	3	9	1
16	0	9	1
17	0	9	1
18	0	9	1
19	0	9	1
20	0	9	1
21	0	9	1
22	1	9	1
23	4	9	1
24	0	9	1
25	0	9	1
26	0	9	1
27	2	9	1
28	0	9	1
29	2	9	1
30	0	9	1
31	2	9	1
32	1	9	1
33	4	9	1
34	4	9	1
35	0	9	1
36	0	9	1
37	1	9	1
38	0	9	1
39	2	9	1
40	0	9	1
41	2	9	1
42	2	9	1
43	0	9	1
44	2	9	1
45	3	9	1
46	4	9	1
47	4	9	1
48	6	9	1
49	3	9	1
50	2	9	1
51	0	9	1
52	2	9	1
53	0	9	1
54	0	9	1
55	0	9	1
56	0	9	1
57	2	9	1
1	0	10	1
2	0	10	1
3	0	10	1
4	0	10	1
5	0	10	1
6	0	10	1
7	0	10	1
8	0	10	1
9	0	10	1
10	0	10	1
11	1	10	1
12	2	10	1
13	2	10	1
14	0	10	1
15	1	10	1
16	0	10	1
17	3	10	1
18	0	10	1
19	0	10	1
20	4	10	1
21	0	10	1
22	0	10	1
23	0	10	1
24	0	10	1
25	1	10	1
26	2	10	1
27	1	10	1
28	0	10	1
29	3	10	1
30	0	10	1
31	0	10	1
32	0	10	1
33	2	10	1
34	0	10	1
35	0	10	1
36	0	10	1
37	0	10	1
38	3	10	1
39	1	10	1
40	0	10	1
41	0	10	1
42	2	10	1
43	2	10	1
44	3	10	1
45	0	10	1
46	2	10	1
47	6	10	1
48	5	10	1
49	6	10	1
50	3	10	1
51	0	10	1
52	2	10	1
53	0	10	1
54	0	10	1
55	0	10	1
56	0	10	1
57	2	10	1
1	0	11	1
2	0	11	1
3	0	11	1
4	0	11	1
5	0	11	1
6	0	11	1
7	0	11	1
8	0	11	1
9	0	11	1
10	0	11	1
11	1	11	1
12	3	11	1
13	0	11	1
14	0	11	1
15	2	11	1
16	1	11	1
17	2	11	1
18	0	11	1
19	0	11	1
20	0	11	1
21	0	11	1
22	1	11	1
23	1	11	1
24	0	11	1
25	0	11	1
26	1	11	1
27	1	11	1
28	0	11	1
29	4	11	1
30	0	11	1
31	0	11	1
32	1	11	1
33	2	11	1
34	0	11	1
35	0	11	1
36	0	11	1
37	1	11	1
38	2	11	1
39	5	11	1
40	2	11	1
41	3	11	1
42	3	11	1
43	1	11	1
44	3	11	1
45	1	11	1
46	5	11	1
47	4	11	1
48	1	11	1
49	3	11	1
50	1	11	1
51	0	11	1
52	0	11	1
53	0	11	1
54	0	11	1
55	0	11	1
56	1	11	1
57	3	11	1
1	0	12	1
2	0	12	1
3	0	12	1
4	0	12	1
5	0	12	1
6	0	12	1
7	0	12	1
8	0	12	1
9	0	12	1
10	0	12	1
11	1	12	1
12	0	12	1
13	0	12	1
14	0	12	1
15	2	12	1
16	0	12	1
17	0	12	1
18	0	12	1
19	0	12	1
20	1	12	1
21	0	12	1
22	0	12	1
23	5	12	1
24	2	12	1
25	0	12	1
26	2	12	1
27	0	12	1
28	0	12	1
29	2	12	1
30	0	12	1
31	1	12	1
32	1	12	1
33	5	12	1
34	1	12	1
35	0	12	1
36	0	12	1
37	4	12	1
38	2	12	1
39	0	12	1
40	2	12	1
41	2	12	1
42	3	12	1
43	0	12	1
44	2	12	1
45	2	12	1
46	3	12	1
47	6	12	1
48	2	12	1
49	7	12	1
50	0	12	1
51	0	12	1
52	0	12	1
53	0	12	1
54	0	12	1
55	0	12	1
56	0	12	1
57	1	12	1
1	0	13	1
2	0	13	1
3	0	13	1
4	0	13	1
5	0	13	1
6	0	13	1
7	0	13	1
8	0	13	1
9	0	13	1
10	0	13	1
11	1	13	1
12	2	13	1
13	0	13	1
14	0	13	1
15	3	13	1
16	0	13	1
17	1	13	1
18	0	13	1
19	0	13	1
20	0	13	1
21	0	13	1
22	3	13	1
23	1	13	1
24	3	13	1
25	1	13	1
26	1	13	1
27	0	13	1
28	0	13	1
29	2	13	1
30	0	13	1
31	0	13	1
32	0	13	1
33	2	13	1
34	0	13	1
35	0	13	1
36	0	13	1
37	1	13	1
38	3	13	1
39	2	13	1
40	1	13	1
41	3	13	1
42	4	13	1
43	4	13	1
44	0	13	1
45	0	13	1
46	2	13	1
47	0	13	1
48	3	13	1
49	5	13	1
50	3	13	1
51	0	13	1
52	3	13	1
53	0	13	1
54	0	13	1
55	0	13	1
56	2	13	1
57	3	13	1
1	0	14	1
2	0	14	1
3	0	14	1
4	0	14	1
5	0	14	1
6	0	14	1
7	0	14	1
8	0	14	1
9	0	14	1
10	0	14	1
11	4	14	1
12	1	14	1
13	2	14	1
14	0	14	1
15	1	14	1
16	0	14	1
17	1	14	1
18	0	14	1
19	0	14	1
20	2	14	1
21	0	14	1
22	1	14	1
23	2	14	1
24	0	14	1
25	1	14	1
26	1	14	1
27	2	14	1
28	0	14	1
29	4	14	1
30	0	14	1
31	0	14	1
32	2	14	1
33	2	14	1
34	0	14	1
35	0	14	1
36	0	14	1
37	1	14	1
38	0	14	1
39	2	14	1
40	0	14	1
41	2	14	1
42	3	14	1
43	0	14	1
44	3	14	1
45	0	14	1
46	4	14	1
47	3	14	1
48	6	14	1
49	6	14	1
50	0	14	1
51	0	14	1
52	1	14	1
53	0	14	1
54	0	14	1
55	0	14	1
56	1	14	1
57	1	14	1
1	0	15	1
2	0	15	1
3	0	15	1
4	0	15	1
5	0	15	1
6	0	15	1
7	0	15	1
8	0	15	1
9	0	15	1
10	0	15	1
11	0	15	1
12	1	15	1
13	2	15	1
14	0	15	1
15	3	15	1
16	1	15	1
17	2	15	1
18	0	15	1
19	0	15	1
20	2	15	1
21	0	15	1
22	0	15	1
23	1	15	1
24	1	15	1
25	2	15	1
26	1	15	1
27	1	15	1
28	0	15	1
29	3	15	1
30	0	15	1
31	2	15	1
32	1	15	1
33	4	15	1
34	1	15	1
35	0	15	1
36	0	15	1
37	2	15	1
38	0	15	1
39	1	15	1
40	1	15	1
41	1	15	1
42	2	15	1
43	1	15	1
44	1	15	1
45	1	15	1
46	4	15	1
47	4	15	1
48	6	15	1
49	4	15	1
50	2	15	1
51	0	15	1
52	0	15	1
53	0	15	1
54	0	15	1
55	0	15	1
56	1	15	1
1	0	16	1
2	0	16	1
3	0	16	1
4	0	16	1
5	0	16	1
6	0	16	1
7	0	16	1
8	0	16	1
9	0	16	1
10	0	16	1
11	0	16	1
12	3	16	1
13	0	16	1
14	0	16	1
15	1	16	1
16	1	16	1
17	0	16	1
18	0	16	1
19	0	16	1
20	1	16	1
21	0	16	1
22	1	16	1
23	4	16	1
24	0	16	1
25	2	16	1
26	2	16	1
27	2	16	1
28	0	16	1
29	2	16	1
30	0	16	1
31	1	16	1
32	1	16	1
33	4	16	1
34	2	16	1
35	0	16	1
36	0	16	1
37	1	16	1
38	2	16	1
39	3	16	1
40	0	16	1
41	0	16	1
42	0	16	1
43	1	16	1
44	3	16	1
45	1	16	1
46	6	16	1
47	2	16	1
48	4	16	1
49	3	16	1
50	0	16	1
51	0	16	1
52	2	16	1
53	0	16	1
54	0	16	1
55	0	16	1
56	0	16	1
57	4	16	1
1	0	17	1
2	0	17	1
3	0	17	1
4	0	17	1
5	0	17	1
6	0	17	1
7	0	17	1
8	0	17	1
9	0	17	1
10	0	17	1
11	0	17	1
12	1	17	1
13	0	17	1
14	0	17	1
15	1	17	1
16	2	17	1
17	1	17	1
18	0	17	1
19	0	17	1
20	2	17	1
21	0	17	1
22	0	17	1
23	5	17	1
24	1	17	1
25	0	17	1
26	2	17	1
27	0	17	1
28	0	17	1
29	3	17	1
30	0	17	1
31	0	17	1
32	3	17	1
33	0	17	1
34	2	17	1
35	0	17	1
36	0	17	1
37	0	17	1
38	2	17	1
39	6	17	1
40	1	17	1
41	1	17	1
42	2	17	1
43	0	17	1
44	2	17	1
45	1	17	1
46	2	17	1
47	6	17	1
48	4	17	1
49	4	17	1
50	0	17	1
51	0	17	1
52	1	17	1
53	0	17	1
54	0	17	1
55	0	17	1
56	2	17	1
57	2	17	1
1	0	18	1
2	0	18	1
3	0	18	1
4	0	18	1
5	0	18	1
6	0	18	1
7	0	18	1
8	0	18	1
9	0	18	1
10	0	18	1
11	1	18	1
12	3	18	1
13	2	18	1
14	0	18	1
15	2	18	1
16	1	18	1
17	3	18	1
18	0	18	1
19	0	18	1
20	0	18	1
21	0	18	1
22	0	18	1
23	1	18	1
24	2	18	1
25	2	18	1
26	2	18	1
27	2	18	1
28	0	18	1
29	2	18	1
30	0	18	1
31	0	18	1
32	0	18	1
33	2	18	1
34	1	18	1
35	0	18	1
36	0	18	1
37	0	18	1
38	1	18	1
39	5	18	1
40	0	18	1
41	2	18	1
42	0	18	1
43	1	18	1
44	0	18	1
45	1	18	1
46	4	18	1
47	4	18	1
48	2	18	1
49	3	18	1
50	0	18	1
51	0	18	1
52	2	18	1
53	0	18	1
54	0	18	1
55	0	18	1
56	4	18	1
57	4	18	1
1	0	19	1
2	0	19	1
3	0	19	1
4	0	19	1
5	0	19	1
6	0	19	1
7	0	19	1
8	0	19	1
9	0	19	1
10	0	19	1
11	0	19	1
12	2	19	1
13	0	19	1
14	0	19	1
15	3	19	1
16	0	19	1
17	0	19	1
18	0	19	1
19	0	19	1
20	1	19	1
21	0	19	1
22	2	19	1
23	4	19	1
24	1	19	1
25	2	19	1
26	0	19	1
27	1	19	1
28	0	19	1
29	2	19	1
30	0	19	1
31	0	19	1
32	2	19	1
33	4	19	1
34	0	19	1
35	0	19	1
36	0	19	1
37	1	19	1
38	3	19	1
39	4	19	1
40	0	19	1
41	2	19	1
42	1	19	1
43	1	19	1
44	0	19	1
45	0	19	1
46	4	19	1
47	5	19	1
48	4	19	1
49	5	19	1
50	1	19	1
51	0	19	1
52	1	19	1
53	0	19	1
54	0	19	1
55	0	19	1
56	0	19	1
57	3	19	1
1	0	20	1
2	0	20	1
3	0	20	1
4	0	20	1
5	0	20	1
6	0	20	1
7	0	20	1
8	0	20	1
9	0	20	1
10	0	20	1
11	0	20	1
12	3	20	1
13	2	20	1
14	0	20	1
15	5	20	1
16	0	20	1
17	1	20	1
18	0	20	1
19	0	20	1
20	0	20	1
21	0	20	1
22	1	20	1
23	6	20	1
24	3	20	1
25	0	20	1
26	0	20	1
27	2	20	1
28	0	20	1
29	1	20	1
30	0	20	1
31	0	20	1
32	1	20	1
33	2	20	1
34	2	20	1
35	0	20	1
36	0	20	1
37	1	20	1
38	1	20	1
39	3	20	1
40	1	20	1
41	2	20	1
42	2	20	1
43	1	20	1
44	1	20	1
45	1	20	1
46	3	20	1
47	4	20	1
48	1	20	1
49	2	20	1
50	0	20	1
51	0	20	1
52	2	20	1
53	0	20	1
54	0	20	1
55	0	20	1
56	3	20	1
57	2	20	1
1	0	21	1
2	0	21	1
3	0	21	1
4	0	21	1
5	0	21	1
6	0	21	1
7	0	21	1
8	0	21	1
9	0	21	1
10	0	21	1
11	1	21	1
12	3	21	1
13	1	21	1
14	0	21	1
15	1	21	1
16	1	21	1
17	1	21	1
18	0	21	1
19	0	21	1
20	0	21	1
21	0	21	1
22	0	21	1
23	1	21	1
24	0	21	1
25	0	21	1
26	0	21	1
27	1	21	1
28	0	21	1
29	1	21	1
30	0	21	1
31	1	21	1
32	1	21	1
33	0	21	1
34	0	21	1
35	0	21	1
36	0	21	1
37	1	21	1
38	3	21	1
39	4	21	1
40	2	21	1
41	1	21	1
42	1	21	1
43	1	21	1
44	5	21	1
45	2	21	1
46	2	21	1
47	5	21	1
48	3	21	1
49	9	21	1
50	1	21	1
51	0	21	1
52	2	21	1
53	0	21	1
54	0	21	1
55	0	21	1
56	1	21	1
57	3	21	1
1	0	22	1
2	0	22	1
3	0	22	1
4	0	22	1
5	0	22	1
6	0	22	1
7	0	22	1
8	0	22	1
9	0	22	1
10	0	22	1
11	0	22	1
12	2	22	1
13	0	22	1
14	0	22	1
15	0	22	1
16	2	22	1
17	1	22	1
18	0	22	1
19	0	22	1
20	1	22	1
21	0	22	1
22	1	22	1
23	6	22	1
24	1	22	1
25	0	22	1
26	2	22	1
27	2	22	1
28	0	22	1
29	1	22	1
30	0	22	1
31	0	22	1
32	3	22	1
33	2	22	1
34	2	22	1
35	0	22	1
36	0	22	1
37	2	22	1
38	3	22	1
39	5	22	1
40	1	22	1
41	0	22	1
42	2	22	1
43	0	22	1
44	2	22	1
45	0	22	1
46	5	22	1
47	1	22	1
48	3	22	1
49	6	22	1
50	1	22	1
51	0	22	1
52	0	22	1
53	0	22	1
54	0	22	1
55	0	22	1
56	0	22	1
57	2	22	1
1	0	23	1
2	0	23	1
3	0	23	1
4	0	23	1
5	0	23	1
6	0	23	1
7	0	23	1
8	0	23	1
9	0	23	1
10	0	23	1
11	2	23	1
12	2	23	1
13	2	23	1
14	0	23	1
15	3	23	1
16	0	23	1
17	1	23	1
18	0	23	1
19	0	23	1
20	1	23	1
21	0	23	1
22	0	23	1
23	2	23	1
24	1	23	1
25	1	23	1
26	2	23	1
27	0	23	1
28	0	23	1
29	4	23	1
30	0	23	1
31	0	23	1
32	1	23	1
33	3	23	1
34	2	23	1
35	0	23	1
36	0	23	1
37	0	23	1
38	2	23	1
39	2	23	1
40	2	23	1
41	0	23	1
42	1	23	1
43	0	23	1
44	1	23	1
45	1	23	1
46	4	23	1
47	3	23	1
48	2	23	1
49	11	23	1
50	2	23	1
51	0	23	1
52	0	23	1
53	0	23	1
54	0	23	1
55	0	23	1
56	0	23	1
57	1	23	1
1	0	24	1
2	0	24	1
3	0	24	1
4	0	24	1
5	0	24	1
6	0	24	1
7	0	24	1
8	0	24	1
9	0	24	1
10	0	24	1
11	1	24	1
12	2	24	1
13	2	24	1
14	0	24	1
15	2	24	1
16	1	24	1
17	0	24	1
18	0	24	1
19	0	24	1
20	2	24	1
21	0	24	1
22	0	24	1
23	1	24	1
24	0	24	1
25	1	24	1
26	0	24	1
27	1	24	1
28	0	24	1
29	2	24	1
30	0	24	1
31	1	24	1
32	2	24	1
33	0	24	1
34	2	24	1
35	0	24	1
36	0	24	1
37	1	24	1
38	2	24	1
39	2	24	1
40	1	24	1
41	2	24	1
42	3	24	1
43	1	24	1
44	1	24	1
45	0	24	1
46	6	24	1
47	4	24	1
48	7	24	1
49	3	24	1
50	1	24	1
51	0	24	1
52	2	24	1
53	0	24	1
54	0	24	1
55	0	24	1
56	2	24	1
57	1	24	1
1	0	25	1
2	0	25	1
3	0	25	1
4	0	25	1
5	0	25	1
6	0	25	1
7	0	25	1
8	0	25	1
9	0	25	1
10	0	25	1
11	1	25	1
12	3	25	1
13	1	25	1
14	0	25	1
15	2	25	1
16	0	25	1
17	3	25	1
18	0	25	1
19	0	25	1
20	2	25	1
21	0	25	1
22	4	25	1
23	3	25	1
24	3	25	1
25	0	25	1
26	0	25	1
27	0	25	1
28	0	25	1
29	2	25	1
30	0	25	1
31	1	25	1
32	0	25	1
33	3	25	1
34	0	25	1
35	0	25	1
36	0	25	1
37	1	25	1
38	2	25	1
39	1	25	1
40	1	25	1
41	2	25	1
42	0	25	1
43	0	25	1
44	2	25	1
45	0	25	1
46	5	25	1
47	6	25	1
48	3	25	1
49	3	25	1
50	2	25	1
51	0	25	1
52	0	25	1
53	0	25	1
54	0	25	1
55	0	25	1
56	2	25	1
57	1	25	1
1	0	26	1
2	0	26	1
3	0	26	1
4	0	26	1
5	0	26	1
6	0	26	1
7	0	26	1
8	0	26	1
9	0	26	1
10	0	26	1
11	0	26	1
12	1	26	1
13	5	26	1
14	0	26	1
15	0	26	1
16	2	26	1
17	0	26	1
18	0	26	1
19	0	26	1
20	1	26	1
21	0	26	1
22	1	26	1
23	2	26	1
24	1	26	1
25	2	26	1
26	0	26	1
27	2	26	1
28	0	26	1
29	1	26	1
30	0	26	1
31	0	26	1
32	2	26	1
33	1	26	1
34	1	26	1
35	0	26	1
36	0	26	1
37	0	26	1
38	3	26	1
39	3	26	1
40	0	26	1
41	0	26	1
42	3	26	1
43	0	26	1
44	1	26	1
45	1	26	1
46	4	26	1
47	5	26	1
48	5	26	1
49	7	26	1
50	2	26	1
51	0	26	1
52	1	26	1
53	0	26	1
54	0	26	1
55	0	26	1
56	2	26	1
1	0	27	1
2	0	27	1
3	0	27	1
4	0	27	1
5	0	27	1
6	0	27	1
7	0	27	1
8	0	27	1
9	0	27	1
10	0	27	1
11	0	27	1
12	1	27	1
13	1	27	1
14	0	27	1
15	1	27	1
16	0	27	1
17	2	27	1
18	0	27	1
19	0	27	1
20	0	27	1
21	0	27	1
22	2	27	1
23	2	27	1
24	0	27	1
25	0	27	1
26	1	27	1
27	1	27	1
28	0	27	1
29	4	27	1
30	0	27	1
31	0	27	1
32	2	27	1
33	3	27	1
34	0	27	1
35	0	27	1
36	0	27	1
37	3	27	1
38	3	27	1
39	2	27	1
40	0	27	1
41	2	27	1
42	3	27	1
43	2	27	1
44	3	27	1
45	1	27	1
46	4	27	1
47	3	27	1
48	1	27	1
49	7	27	1
50	0	27	1
51	0	27	1
52	0	27	1
53	0	27	1
54	0	27	1
55	0	27	1
56	3	27	1
57	2	27	1
1	0	28	1
2	0	28	1
3	0	28	1
4	0	28	1
5	0	28	1
6	0	28	1
7	0	28	1
8	0	28	1
9	0	28	1
10	0	28	1
11	2	28	1
12	1	28	1
13	2	28	1
14	0	28	1
15	1	28	1
16	1	28	1
17	0	28	1
18	0	28	1
19	0	28	1
20	0	28	1
21	0	28	1
22	2	28	1
23	1	28	1
24	1	28	1
25	0	28	1
26	0	28	1
27	1	28	1
28	0	28	1
29	1	28	1
30	0	28	1
31	0	28	1
32	1	28	1
33	4	28	1
34	0	28	1
35	0	28	1
36	0	28	1
37	2	28	1
38	4	28	1
39	5	28	1
40	1	28	1
41	0	28	1
42	2	28	1
43	0	28	1
44	1	28	1
45	1	28	1
46	6	28	1
47	1	28	1
48	11	28	1
49	5	28	1
50	1	28	1
51	0	28	1
52	0	28	1
53	0	28	1
54	0	28	1
55	0	28	1
56	0	28	1
57	1	28	1
1	0	29	1
2	0	29	1
3	0	29	1
4	0	29	1
5	0	29	1
6	0	29	1
7	0	29	1
8	0	29	1
9	0	29	1
10	0	29	1
11	1	29	1
12	1	29	1
13	1	29	1
14	0	29	1
15	2	29	1
16	3	29	1
17	2	29	1
18	0	29	1
19	0	29	1
20	1	29	1
21	0	29	1
22	1	29	1
23	2	29	1
24	0	29	1
25	0	29	1
26	1	29	1
27	1	29	1
28	0	29	1
29	0	29	1
30	0	29	1
31	3	29	1
32	0	29	1
33	3	29	1
34	1	29	1
35	0	29	1
36	0	29	1
37	0	29	1
38	1	29	1
39	5	29	1
40	0	29	1
41	1	29	1
42	0	29	1
43	1	29	1
44	2	29	1
45	1	29	1
46	6	29	1
47	4	29	1
48	2	29	1
49	5	29	1
50	2	29	1
51	0	29	1
52	0	29	1
53	0	29	1
54	0	29	1
55	0	29	1
56	1	29	1
57	5	29	1
1	0	30	1
2	0	30	1
3	0	30	1
4	0	30	1
5	0	30	1
6	0	30	1
7	0	30	1
8	0	30	1
9	0	30	1
10	0	30	1
11	1	30	1
12	2	30	1
13	1	30	1
14	0	30	1
15	3	30	1
16	1	30	1
17	0	30	1
18	0	30	1
19	0	30	1
20	1	30	1
21	0	30	1
22	1	30	1
23	1	30	1
24	1	30	1
25	0	30	1
26	1	30	1
27	3	30	1
28	0	30	1
29	0	30	1
30	0	30	1
31	0	30	1
32	1	30	1
33	2	30	1
34	4	30	1
35	0	30	1
36	0	30	1
37	2	30	1
38	4	30	1
39	3	30	1
40	2	30	1
41	1	30	1
42	1	30	1
43	0	30	1
44	3	30	1
45	0	30	1
46	6	30	1
47	0	30	1
48	6	30	1
49	3	30	1
50	2	30	1
51	0	30	1
52	1	30	1
53	0	30	1
54	0	30	1
55	0	30	1
56	1	30	1
57	1	30	1
1	0	31	1
2	0	31	1
3	0	31	1
4	0	31	1
5	0	31	1
6	0	31	1
7	0	31	1
8	0	31	1
9	0	31	1
10	0	31	1
11	0	31	1
12	3	31	1
13	1	31	1
14	0	31	1
15	2	31	1
16	1	31	1
17	1	31	1
18	0	31	1
19	0	31	1
20	0	31	1
21	0	31	1
22	5	31	1
23	3	31	1
24	3	31	1
25	1	31	1
26	3	31	1
27	1	31	1
28	0	31	1
29	3	31	1
30	0	31	1
31	2	31	1
32	2	31	1
33	2	31	1
34	0	31	1
35	0	31	1
36	0	31	1
37	1	31	1
38	0	31	1
39	2	31	1
40	0	31	1
41	2	31	1
42	1	31	1
43	2	31	1
44	3	31	1
45	0	31	1
46	2	31	1
47	0	31	1
48	3	31	1
49	6	31	1
50	1	31	1
51	0	31	1
52	1	31	1
53	0	31	1
54	0	31	1
55	0	31	1
56	0	31	1
57	2	31	1
1	0	32	1
2	0	32	1
3	0	32	1
4	0	32	1
5	0	32	1
6	0	32	1
7	0	32	1
8	0	32	1
9	0	32	1
10	0	32	1
11	0	32	1
12	1	32	1
13	0	32	1
14	0	32	1
15	1	32	1
16	1	32	1
17	3	32	1
18	0	32	1
19	0	32	1
20	1	32	1
21	0	32	1
22	1	32	1
23	1	32	1
24	2	32	1
25	0	32	1
26	2	32	1
27	0	32	1
28	0	32	1
29	4	32	1
30	0	32	1
31	2	32	1
32	4	32	1
33	1	32	1
34	0	32	1
35	0	32	1
36	0	32	1
37	2	32	1
38	1	32	1
39	7	32	1
40	2	32	1
41	0	32	1
42	2	32	1
43	0	32	1
44	1	32	1
45	1	32	1
46	5	32	1
47	2	32	1
48	3	32	1
49	3	32	1
50	1	32	1
51	0	32	1
52	2	32	1
53	0	32	1
54	0	32	1
55	0	32	1
56	1	32	1
57	2	32	1
1	0	33	1
2	0	33	1
3	0	33	1
4	0	33	1
5	0	33	1
6	0	33	1
7	0	33	1
8	0	33	1
9	0	33	1
10	0	33	1
11	2	33	1
12	2	33	1
13	0	33	1
14	0	33	1
15	2	33	1
16	1	33	1
17	1	33	1
18	0	33	1
19	0	33	1
20	0	33	1
21	0	33	1
22	2	33	1
23	1	33	1
24	2	33	1
25	1	33	1
26	2	33	1
27	1	33	1
28	0	33	1
29	1	33	1
30	0	33	1
31	2	33	1
32	2	33	1
33	1	33	1
34	4	33	1
35	0	33	1
36	0	33	1
37	0	33	1
38	0	33	1
39	2	33	1
40	2	33	1
41	1	33	1
42	4	33	1
43	0	33	1
44	1	33	1
45	1	33	1
46	3	33	1
47	6	33	1
48	4	33	1
49	3	33	1
50	1	33	1
51	0	33	1
52	0	33	1
53	0	33	1
54	0	33	1
55	0	33	1
56	1	33	1
57	3	33	1
1	0	34	1
2	0	34	1
3	0	34	1
4	0	34	1
5	0	34	1
6	0	34	1
7	0	34	1
8	0	34	1
9	0	34	1
10	0	34	1
11	2	34	1
12	2	34	1
13	1	34	1
14	0	34	1
15	4	34	1
16	2	34	1
17	0	34	1
18	0	34	1
19	0	34	1
20	1	34	1
21	0	34	1
22	1	34	1
23	2	34	1
24	2	34	1
25	0	34	1
26	3	34	1
27	0	34	1
28	0	34	1
29	1	34	1
30	0	34	1
31	1	34	1
32	3	34	1
33	0	34	1
34	1	34	1
35	0	34	1
36	0	34	1
37	3	34	1
38	0	34	1
39	2	34	1
40	2	34	1
41	3	34	1
42	4	34	1
43	0	34	1
44	3	34	1
45	0	34	1
46	3	34	1
47	3	34	1
48	5	34	1
49	2	34	1
50	0	34	1
51	0	34	1
52	1	34	1
53	0	34	1
54	0	34	1
55	0	34	1
56	0	34	1
57	2	34	1
1	0	35	1
2	0	35	1
3	0	35	1
4	0	35	1
5	0	35	1
6	0	35	1
7	0	35	1
8	0	35	1
9	0	35	1
10	0	35	1
11	0	35	1
12	1	35	1
13	3	35	1
14	0	35	1
15	1	35	1
16	1	35	1
17	0	35	1
18	0	35	1
19	0	35	1
20	0	35	1
21	0	35	1
22	0	35	1
23	0	35	1
24	0	35	1
25	2	35	1
26	0	35	1
27	1	35	1
28	0	35	1
29	4	35	1
30	0	35	1
31	1	35	1
32	3	35	1
33	4	35	1
34	3	35	1
35	0	35	1
36	0	35	1
37	0	35	1
38	2	35	1
39	0	35	1
40	2	35	1
41	2	35	1
42	1	35	1
43	2	35	1
44	1	35	1
45	1	35	1
46	2	35	1
47	2	35	1
48	5	35	1
49	6	35	1
50	1	35	1
51	0	35	1
52	5	35	1
53	0	35	1
54	0	35	1
55	0	35	1
56	2	35	1
57	1	35	1
1	0	36	1
2	0	36	1
3	0	36	1
4	0	36	1
5	0	36	1
6	0	36	1
7	0	36	1
8	0	36	1
9	0	36	1
10	0	36	1
11	0	36	1
12	1	36	1
13	0	36	1
14	0	36	1
15	3	36	1
16	1	36	1
17	2	36	1
18	0	36	1
19	0	36	1
20	1	36	1
21	0	36	1
22	0	36	1
23	2	36	1
24	1	36	1
25	3	36	1
26	0	36	1
27	1	36	1
28	0	36	1
29	3	36	1
30	0	36	1
31	1	36	1
32	1	36	1
33	3	36	1
34	3	36	1
35	0	36	1
36	0	36	1
37	1	36	1
38	2	36	1
39	1	36	1
40	1	36	1
41	1	36	1
42	3	36	1
43	1	36	1
44	1	36	1
45	0	36	1
46	8	36	1
47	2	36	1
48	4	36	1
49	2	36	1
50	2	36	1
51	0	36	1
52	1	36	1
53	0	36	1
54	0	36	1
55	0	36	1
56	1	36	1
57	2	36	1
1	0	37	1
2	0	37	1
3	0	37	1
4	0	37	1
5	0	37	1
6	0	37	1
7	0	37	1
8	0	37	1
9	0	37	1
10	0	37	1
11	0	37	1
12	1	37	1
13	2	37	1
14	0	37	1
15	5	37	1
16	0	37	1
17	0	37	1
18	0	37	1
19	0	37	1
20	3	37	1
21	0	37	1
22	1	37	1
23	3	37	1
24	2	37	1
25	0	37	1
26	3	37	1
27	0	37	1
28	0	37	1
29	0	37	1
30	0	37	1
31	1	37	1
32	4	37	1
33	5	37	1
34	1	37	1
35	0	37	1
36	0	37	1
37	1	37	1
38	4	37	1
39	1	37	1
40	1	37	1
41	0	37	1
42	1	37	1
43	1	37	1
44	0	37	1
45	0	37	1
46	4	37	1
47	3	37	1
48	2	37	1
49	5	37	1
50	0	37	1
51	0	37	1
52	1	37	1
53	0	37	1
54	0	37	1
55	0	37	1
56	1	37	1
57	3	37	1
1	0	38	1
2	0	38	1
3	0	38	1
4	0	38	1
5	0	38	1
6	0	38	1
7	0	38	1
8	0	38	1
9	0	38	1
10	0	38	1
11	1	38	1
12	4	38	1
13	0	38	1
14	0	38	1
15	2	38	1
16	2	38	1
17	1	38	1
18	0	38	1
19	0	38	1
20	1	38	1
21	0	38	1
22	0	38	1
23	3	38	1
24	0	38	1
25	0	38	1
26	1	38	1
27	2	38	1
28	0	38	1
29	2	38	1
30	0	38	1
31	0	38	1
32	6	38	1
33	1	38	1
34	1	38	1
35	0	38	1
36	0	38	1
37	1	38	1
38	1	38	1
39	4	38	1
40	2	38	1
41	1	38	1
42	2	38	1
43	0	38	1
44	0	38	1
45	2	38	1
46	2	38	1
47	3	38	1
48	4	38	1
49	8	38	1
50	1	38	1
51	0	38	1
52	1	38	1
1	0	39	1
2	0	39	1
3	0	39	1
4	0	39	1
5	0	39	1
6	0	39	1
7	0	39	1
8	0	39	1
9	0	39	1
10	0	39	1
11	2	39	1
12	1	39	1
13	0	39	1
14	0	39	1
15	1	39	1
16	0	39	1
17	1	39	1
18	0	39	1
19	0	39	1
20	0	39	1
21	0	39	1
22	1	39	1
23	4	39	1
24	3	39	1
25	1	39	1
26	0	39	1
27	0	39	1
28	0	39	1
29	3	39	1
30	0	39	1
31	0	39	1
32	2	39	1
33	3	39	1
34	2	39	1
35	0	39	1
36	0	39	1
37	0	39	1
38	1	39	1
39	2	39	1
40	1	39	1
41	1	39	1
42	2	39	1
43	0	39	1
44	1	39	1
45	1	39	1
46	7	39	1
47	4	39	1
48	7	39	1
49	2	39	1
50	2	39	1
51	0	39	1
52	2	39	1
53	0	39	1
54	0	39	1
55	0	39	1
56	1	39	1
57	1	39	1
1	0	40	1
2	0	40	1
3	0	40	1
4	0	40	1
5	0	40	1
6	0	40	1
7	0	40	1
8	0	40	1
9	0	40	1
10	0	40	1
11	4	40	1
12	3	40	1
13	0	40	1
14	0	40	1
15	1	40	1
16	2	40	1
17	0	40	1
18	0	40	1
19	0	40	1
20	0	40	1
21	0	40	1
22	0	40	1
23	1	40	1
24	1	40	1
25	0	40	1
26	0	40	1
27	1	40	1
28	0	40	1
29	1	40	1
30	0	40	1
31	1	40	1
32	1	40	1
33	4	40	1
34	2	40	1
35	0	40	1
36	0	40	1
37	0	40	1
38	2	40	1
39	3	40	1
40	1	40	1
41	3	40	1
42	2	40	1
43	1	40	1
44	1	40	1
45	1	40	1
46	5	40	1
47	4	40	1
48	4	40	1
49	4	40	1
50	0	40	1
51	0	40	1
52	1	40	1
53	0	40	1
54	0	40	1
55	0	40	1
56	1	40	1
57	4	40	1
1	0	41	1
2	0	41	1
3	0	41	1
4	0	41	1
5	0	41	1
6	0	41	1
7	0	41	1
8	0	41	1
9	0	41	1
10	0	41	1
11	0	41	1
12	0	41	1
13	0	41	1
14	0	41	1
15	3	41	1
16	1	41	1
17	1	41	1
18	0	41	1
19	0	41	1
20	1	41	1
21	0	41	1
22	2	41	1
23	2	41	1
24	2	41	1
25	1	41	1
26	0	41	1
27	0	41	1
28	0	41	1
29	2	41	1
30	0	41	1
31	1	41	1
32	1	41	1
33	1	41	1
34	2	41	1
35	0	41	1
36	0	41	1
37	1	41	1
38	3	41	1
39	5	41	1
40	1	41	1
41	1	41	1
42	0	41	1
43	1	41	1
44	1	41	1
45	1	41	1
46	4	41	1
47	3	41	1
48	7	41	1
49	4	41	1
50	2	41	1
51	0	41	1
52	2	41	1
53	0	41	1
54	0	41	1
55	0	41	1
56	1	41	1
57	2	41	1
1	0	42	1
2	0	42	1
3	0	42	1
4	0	42	1
5	0	42	1
6	0	42	1
7	0	42	1
8	0	42	1
9	0	42	1
10	0	42	1
11	2	42	1
12	1	42	1
13	1	42	1
14	0	42	1
15	0	42	1
16	0	42	1
17	0	42	1
18	0	42	1
19	0	42	1
20	1	42	1
21	0	42	1
22	3	42	1
23	1	42	1
24	1	42	1
25	2	42	1
26	0	42	1
27	1	42	1
28	0	42	1
29	2	42	1
30	0	42	1
31	1	42	1
32	2	42	1
33	3	42	1
34	1	42	1
35	0	42	1
36	0	42	1
37	0	42	1
38	0	42	1
39	3	42	1
40	0	42	1
41	2	42	1
42	2	42	1
43	1	42	1
44	2	42	1
45	2	42	1
46	5	42	1
47	4	42	1
48	7	42	1
49	5	42	1
50	1	42	1
51	0	42	1
52	0	42	1
53	0	42	1
54	0	42	1
55	0	42	1
56	0	42	1
57	3	42	1
1	0	43	1
2	0	43	1
3	0	43	1
4	0	43	1
5	0	43	1
6	0	43	1
7	0	43	1
8	0	43	1
9	0	43	1
10	0	43	1
11	3	43	1
12	2	43	1
13	3	43	1
14	0	43	1
15	3	43	1
16	1	43	1
17	0	43	1
18	0	43	1
19	0	43	1
20	0	43	1
21	0	43	1
22	1	43	1
23	0	43	1
24	2	43	1
25	3	43	1
26	0	43	1
27	1	43	1
28	0	43	1
29	3	43	1
30	0	43	1
31	3	43	1
32	1	43	1
33	1	43	1
34	1	43	1
35	0	43	1
36	0	43	1
37	0	43	1
38	5	43	1
39	4	43	1
40	2	43	1
41	0	43	1
42	1	43	1
43	0	43	1
44	1	43	1
45	0	43	1
46	4	43	1
47	4	43	1
48	3	43	1
49	3	43	1
50	2	43	1
51	0	43	1
52	0	43	1
53	0	43	1
54	0	43	1
55	0	43	1
56	0	43	1
57	2	43	1
1	0	44	1
2	0	44	1
3	0	44	1
4	0	44	1
5	0	44	1
6	0	44	1
7	0	44	1
8	0	44	1
9	0	44	1
10	0	44	1
11	1	44	1
12	2	44	1
13	0	44	1
14	0	44	1
15	2	44	1
16	1	44	1
17	3	44	1
18	0	44	1
19	0	44	1
20	0	44	1
21	0	44	1
22	0	44	1
23	3	44	1
24	1	44	1
25	0	44	1
26	0	44	1
27	1	44	1
28	0	44	1
29	3	44	1
30	0	44	1
31	1	44	1
32	5	44	1
33	0	44	1
34	2	44	1
35	0	44	1
36	0	44	1
37	1	44	1
38	4	44	1
39	4	44	1
40	0	44	1
41	0	44	1
42	2	44	1
43	1	44	1
44	2	44	1
45	1	44	1
46	3	44	1
47	1	44	1
48	6	44	1
49	2	44	1
50	3	44	1
51	0	44	1
52	1	44	1
53	0	44	1
54	0	44	1
55	0	44	1
56	2	44	1
57	1	44	1
1	0	45	1
2	0	45	1
3	0	45	1
4	0	45	1
5	0	45	1
6	0	45	1
7	0	45	1
8	0	45	1
9	0	45	1
10	0	45	1
11	0	45	1
12	2	45	1
13	1	45	1
14	0	45	1
15	0	45	1
16	3	45	1
17	2	45	1
18	0	45	1
19	0	45	1
20	0	45	1
21	0	45	1
22	2	45	1
23	3	45	1
24	2	45	1
25	1	45	1
26	1	45	1
27	0	45	1
28	0	45	1
29	1	45	1
30	0	45	1
31	1	45	1
32	2	45	1
33	1	45	1
34	1	45	1
35	0	45	1
36	0	45	1
37	0	45	1
38	2	45	1
39	1	45	1
40	2	45	1
41	2	45	1
42	3	45	1
43	1	45	1
44	2	45	1
45	2	45	1
46	2	45	1
47	2	45	1
48	7	45	1
49	6	45	1
50	0	45	1
51	0	45	1
52	2	45	1
53	0	45	1
54	0	45	1
55	0	45	1
56	0	45	1
57	2	45	1
1	0	46	1
2	0	46	1
3	0	46	1
4	0	46	1
5	0	46	1
6	0	46	1
7	0	46	1
8	0	46	1
9	0	46	1
10	0	46	1
11	2	46	1
12	1	46	1
13	1	46	1
14	0	46	1
15	1	46	1
16	4	46	1
17	2	46	1
18	0	46	1
19	0	46	1
20	3	46	1
21	0	46	1
22	1	46	1
23	2	46	1
24	1	46	1
25	0	46	1
26	2	46	1
27	1	46	1
28	0	46	1
29	3	46	1
30	0	46	1
31	1	46	1
32	3	46	1
33	1	46	1
34	5	46	1
35	0	46	1
36	0	46	1
37	1	46	1
38	2	46	1
39	1	46	1
40	0	46	1
41	0	46	1
42	2	46	1
43	0	46	1
44	2	46	1
45	0	46	1
46	2	46	1
47	2	46	1
48	0	46	1
49	3	46	1
50	1	46	1
51	0	46	1
52	0	46	1
53	0	46	1
54	0	46	1
55	0	46	1
56	3	46	1
57	6	46	1
1	0	47	1
2	0	47	1
3	0	47	1
4	0	47	1
5	0	47	1
6	0	47	1
7	0	47	1
8	0	47	1
9	0	47	1
10	0	47	1
11	2	47	1
12	1	47	1
13	2	47	1
14	0	47	1
15	2	47	1
16	1	47	1
17	1	47	1
18	0	47	1
19	0	47	1
20	0	47	1
21	0	47	1
22	0	47	1
23	1	47	1
24	0	47	1
25	1	47	1
26	1	47	1
27	1	47	1
28	0	47	1
29	1	47	1
30	0	47	1
31	0	47	1
32	3	47	1
33	1	47	1
34	3	47	1
35	0	47	1
36	0	47	1
37	0	47	1
38	0	47	1
39	1	47	1
40	1	47	1
41	0	47	1
42	5	47	1
43	3	47	1
44	1	47	1
45	3	47	1
46	3	47	1
47	3	47	1
48	10	47	1
49	5	47	1
50	1	47	1
51	0	47	1
52	1	47	1
53	0	47	1
54	0	47	1
55	0	47	1
56	0	47	1
57	1	47	1
1	0	48	1
2	0	48	1
3	0	48	1
4	0	48	1
5	0	48	1
6	0	48	1
7	0	48	1
8	0	48	1
9	0	48	1
10	0	48	1
11	0	48	1
12	0	48	1
13	0	48	1
14	0	48	1
15	4	48	1
16	0	48	1
17	1	48	1
18	0	48	1
19	0	48	1
20	1	48	1
21	0	48	1
22	0	48	1
23	0	48	1
24	2	48	1
25	0	48	1
26	0	48	1
27	0	48	1
28	0	48	1
29	2	48	1
30	0	48	1
31	0	48	1
32	6	48	1
33	1	48	1
34	3	48	1
35	0	48	1
36	0	48	1
37	1	48	1
38	2	48	1
39	3	48	1
40	1	48	1
41	0	48	1
42	2	48	1
43	1	48	1
44	1	48	1
45	1	48	1
46	5	48	1
47	4	48	1
48	5	48	1
49	6	48	1
50	2	48	1
51	0	48	1
52	2	48	1
53	0	48	1
54	0	48	1
55	0	48	1
56	0	48	1
57	3	48	1
1	0	49	1
2	0	49	1
3	0	49	1
4	0	49	1
5	0	49	1
6	0	49	1
7	0	49	1
8	0	49	1
9	0	49	1
10	0	49	1
11	2	49	1
12	1	49	1
13	0	49	1
14	0	49	1
15	2	49	1
16	1	49	1
17	0	49	1
18	0	49	1
19	0	49	1
20	2	49	1
21	0	49	1
22	2	49	1
23	1	49	1
24	0	49	1
25	0	49	1
26	0	49	1
27	1	49	1
28	0	49	1
29	2	49	1
30	0	49	1
31	2	49	1
32	7	49	1
33	4	49	1
34	1	49	1
35	0	49	1
36	0	49	1
37	2	49	1
38	0	49	1
39	2	49	1
40	3	49	1
41	1	49	1
42	3	49	1
43	0	49	1
44	2	49	1
45	1	49	1
46	3	49	1
47	0	49	1
48	3	49	1
49	5	49	1
50	3	49	1
51	0	49	1
52	1	49	1
53	0	49	1
54	0	49	1
55	0	49	1
56	0	49	1
57	2	49	1
1	0	50	1
2	0	50	1
3	0	50	1
4	0	50	1
5	0	50	1
6	0	50	1
7	0	50	1
8	0	50	1
9	0	50	1
10	0	50	1
11	0	50	1
12	2	50	1
13	3	50	1
14	0	50	1
15	4	50	1
16	1	50	1
17	1	50	1
18	0	50	1
19	0	50	1
20	1	50	1
21	0	50	1
22	2	50	1
23	2	50	1
24	0	50	1
25	1	50	1
26	2	50	1
27	0	50	1
28	0	50	1
29	2	50	1
30	0	50	1
31	2	50	1
32	0	50	1
33	3	50	1
34	1	50	1
35	0	50	1
36	0	50	1
37	1	50	1
38	3	50	1
39	2	50	1
40	3	50	1
41	0	50	1
42	1	50	1
43	0	50	1
44	1	50	1
45	1	50	1
46	7	50	1
47	4	50	1
48	4	50	1
49	3	50	1
50	0	50	1
51	0	50	1
52	1	50	1
53	0	50	1
54	0	50	1
55	0	50	1
56	1	50	1
1	0	51	1
2	0	51	1
3	0	51	1
4	0	51	1
5	0	51	1
6	0	51	1
7	0	51	1
8	0	51	1
9	0	51	1
10	0	51	1
11	0	51	1
12	1	51	1
13	3	51	1
14	0	51	1
15	2	51	1
16	3	51	1
17	0	51	1
18	0	51	1
19	0	51	1
20	1	51	1
21	0	51	1
22	1	51	1
23	5	51	1
24	0	51	1
25	2	51	1
26	1	51	1
27	3	51	1
28	0	51	1
29	3	51	1
30	0	51	1
31	3	51	1
32	1	51	1
33	0	51	1
34	2	51	1
35	0	51	1
36	0	51	1
37	1	51	1
38	1	51	1
39	2	51	1
40	1	51	1
41	1	51	1
42	1	51	1
43	2	51	1
44	1	51	1
45	0	51	1
46	1	51	1
47	3	51	1
48	3	51	1
49	5	51	1
50	0	51	1
51	0	51	1
52	2	51	1
53	0	51	1
54	0	51	1
55	0	51	1
56	0	51	1
57	4	51	1
1	0	52	1
2	0	52	1
3	0	52	1
4	0	52	1
5	0	52	1
6	0	52	1
7	0	52	1
8	0	52	1
9	0	52	1
10	0	52	1
11	1	52	1
12	3	52	1
13	2	52	1
14	0	52	1
15	1	52	1
16	1	52	1
17	0	52	1
18	0	52	1
19	0	52	1
20	0	52	1
21	0	52	1
22	2	52	1
23	1	52	1
24	2	52	1
25	2	52	1
26	2	52	1
27	0	52	1
28	0	52	1
29	2	52	1
30	0	52	1
31	1	52	1
32	1	52	1
33	1	52	1
34	5	52	1
35	0	52	1
36	0	52	1
37	0	52	1
38	0	52	1
39	3	52	1
40	1	52	1
41	1	52	1
42	2	52	1
43	1	52	1
44	3	52	1
45	0	52	1
46	3	52	1
47	2	52	1
48	5	52	1
49	3	52	1
50	1	52	1
51	0	52	1
52	1	52	1
53	0	52	1
54	0	52	1
55	0	52	1
56	0	52	1
57	6	52	1
1	0	53	1
2	0	53	1
3	0	53	1
4	0	53	1
5	0	53	1
6	0	53	1
7	0	53	1
8	0	53	1
9	0	53	1
10	0	53	1
11	0	53	1
12	0	53	1
13	3	53	1
14	0	53	1
15	3	53	1
16	3	53	1
17	1	53	1
18	0	53	1
19	0	53	1
20	1	53	1
21	0	53	1
22	3	53	1
23	3	53	1
24	3	53	1
25	0	53	1
26	1	53	1
27	1	53	1
28	0	53	1
29	2	53	1
30	0	53	1
31	0	53	1
32	1	53	1
33	0	53	1
34	1	53	1
35	0	53	1
36	0	53	1
37	2	53	1
38	2	53	1
39	2	53	1
40	0	53	1
41	2	53	1
42	2	53	1
43	1	53	1
44	1	53	1
45	2	53	1
46	2	53	1
47	5	53	1
48	5	53	1
49	6	53	1
50	1	53	1
1	0	54	1
2	0	54	1
3	0	54	1
4	0	54	1
5	0	54	1
6	0	54	1
7	0	54	1
8	0	54	1
9	0	54	1
10	0	54	1
11	2	54	1
12	0	54	1
13	0	54	1
14	0	54	1
15	0	54	1
16	2	54	1
17	2	54	1
18	0	54	1
19	0	54	1
20	2	54	1
21	0	54	1
22	3	54	1
23	2	54	1
24	0	54	1
25	3	54	1
26	2	54	1
27	0	54	1
28	0	54	1
29	4	54	1
30	0	54	1
31	0	54	1
32	4	54	1
33	2	54	1
34	0	54	1
35	0	54	1
36	0	54	1
37	0	54	1
38	0	54	1
39	0	54	1
40	1	54	1
41	1	54	1
42	2	54	1
43	3	54	1
44	1	54	1
45	0	54	1
46	3	54	1
47	5	54	1
48	5	54	1
49	6	54	1
50	1	54	1
51	0	54	1
52	0	54	1
53	0	54	1
54	0	54	1
55	0	54	1
56	1	54	1
57	2	54	1
1	0	55	1
2	0	55	1
3	0	55	1
4	0	55	1
5	0	55	1
6	0	55	1
7	0	55	1
8	0	55	1
9	0	55	1
10	0	55	1
11	1	55	1
12	2	55	1
13	1	55	1
14	0	55	1
15	0	55	1
16	1	55	1
17	4	55	1
18	0	55	1
19	0	55	1
20	0	55	1
21	0	55	1
22	4	55	1
23	2	55	1
24	0	55	1
25	3	55	1
26	0	55	1
27	3	55	1
28	0	55	1
29	1	55	1
30	0	55	1
31	2	55	1
32	2	55	1
33	3	55	1
34	1	55	1
35	0	55	1
36	0	55	1
37	3	55	1
38	3	55	1
39	2	55	1
40	1	55	1
41	0	55	1
42	3	55	1
43	2	55	1
44	1	55	1
45	0	55	1
46	5	55	1
47	4	55	1
48	2	55	1
49	3	55	1
1	0	56	1
2	0	56	1
3	0	56	1
4	0	56	1
5	0	56	1
6	0	56	1
7	0	56	1
8	0	56	1
9	0	56	1
10	0	56	1
11	1	56	1
12	1	56	1
13	1	56	1
14	0	56	1
15	1	56	1
16	1	56	1
17	3	56	1
18	0	56	1
19	0	56	1
20	1	56	1
21	0	56	1
22	0	56	1
23	3	56	1
24	3	56	1
25	0	56	1
26	2	56	1
27	1	56	1
28	0	56	1
29	0	56	1
30	0	56	1
31	0	56	1
32	2	56	1
33	2	56	1
34	2	56	1
35	0	56	1
36	0	56	1
37	0	56	1
38	1	56	1
39	1	56	1
40	2	56	1
41	0	56	1
42	1	56	1
43	1	56	1
44	2	56	1
45	1	56	1
46	2	56	1
47	3	56	1
48	4	56	1
49	10	56	1
50	3	56	1
51	0	56	1
52	1	56	1
53	0	56	1
54	0	56	1
55	0	56	1
56	0	56	1
57	3	56	1
1	0	57	1
2	0	57	1
3	0	57	1
4	0	57	1
5	0	57	1
6	0	57	1
7	0	57	1
8	0	57	1
9	0	57	1
10	0	57	1
11	1	57	1
12	2	57	1
13	1	57	1
14	0	57	1
15	0	57	1
16	0	57	1
17	2	57	1
18	0	57	1
19	0	57	1
20	0	57	1
21	0	57	1
22	1	57	1
23	1	57	1
24	1	57	1
25	1	57	1
26	0	57	1
27	3	57	1
28	0	57	1
29	4	57	1
30	0	57	1
31	0	57	1
32	3	57	1
33	3	57	1
34	1	57	1
35	0	57	1
36	0	57	1
37	0	57	1
38	1	57	1
39	7	57	1
40	1	57	1
41	1	57	1
42	4	57	1
43	1	57	1
44	0	57	1
45	0	57	1
46	6	57	1
47	4	57	1
48	4	57	1
49	0	57	1
50	1	57	1
51	0	57	1
52	1	57	1
53	0	57	1
54	0	57	1
55	0	57	1
56	1	57	1
57	3	57	1
1	0	58	1
2	0	58	1
3	0	58	1
4	0	58	1
5	0	58	1
6	0	58	1
7	0	58	1
8	0	58	1
9	0	58	1
10	0	58	1
11	0	58	1
12	2	58	1
13	1	58	1
14	0	58	1
15	5	58	1
16	1	58	1
17	3	58	1
18	0	58	1
19	0	58	1
20	2	58	1
21	0	58	1
22	0	58	1
23	2	58	1
24	2	58	1
25	1	58	1
26	0	58	1
27	0	58	1
28	0	58	1
29	5	58	1
30	0	58	1
31	0	58	1
32	3	58	1
33	1	58	1
34	2	58	1
35	0	58	1
36	0	58	1
37	0	58	1
38	2	58	1
39	1	58	1
40	1	58	1
41	0	58	1
42	0	58	1
43	0	58	1
44	1	58	1
45	2	58	1
46	4	58	1
47	2	58	1
48	7	58	1
49	4	58	1
50	0	58	1
51	0	58	1
52	1	58	1
53	0	58	1
54	0	58	1
55	0	58	1
56	1	58	1
57	3	58	1
1	0	59	1
2	0	59	1
3	0	59	1
4	0	59	1
5	0	59	1
6	0	59	1
7	0	59	1
8	0	59	1
9	0	59	1
10	0	59	1
11	0	59	1
12	5	59	1
13	1	59	1
14	0	59	1
15	1	59	1
16	1	59	1
17	1	59	1
18	0	59	1
19	0	59	1
20	1	59	1
21	0	59	1
22	2	59	1
23	5	59	1
24	0	59	1
25	0	59	1
26	0	59	1
27	0	59	1
28	0	59	1
29	2	59	1
30	0	59	1
31	3	59	1
32	2	59	1
33	2	59	1
34	1	59	1
35	0	59	1
36	0	59	1
37	1	59	1
38	1	59	1
39	1	59	1
40	0	59	1
41	1	59	1
42	1	59	1
43	0	59	1
44	1	59	1
45	3	59	1
46	4	59	1
47	2	59	1
48	3	59	1
49	10	59	1
50	1	59	1
51	0	59	1
52	0	59	1
53	0	59	1
54	0	59	1
55	0	59	1
56	2	59	1
57	1	59	1
1	0	60	1
2	0	60	1
3	0	60	1
4	0	60	1
5	0	60	1
6	0	60	1
7	0	60	1
8	0	60	1
9	0	60	1
10	0	60	1
11	0	60	1
12	4	60	1
13	0	60	1
14	0	60	1
15	1	60	1
16	2	60	1
17	1	60	1
18	0	60	1
19	0	60	1
20	0	60	1
21	0	60	1
22	0	60	1
23	4	60	1
24	2	60	1
25	0	60	1
26	1	60	1
27	2	60	1
28	0	60	1
29	3	60	1
30	0	60	1
31	1	60	1
32	3	60	1
33	0	60	1
34	1	60	1
35	0	60	1
36	0	60	1
37	1	60	1
38	1	60	1
39	1	60	1
40	1	60	1
41	1	60	1
42	1	60	1
43	2	60	1
44	5	60	1
45	1	60	1
46	2	60	1
47	3	60	1
48	5	60	1
49	4	60	1
50	2	60	1
51	0	60	1
52	1	60	1
53	0	60	1
54	0	60	1
55	0	60	1
56	0	60	1
57	3	60	1
-1
